#brand icon sub_cat
300100
300200
300300
300500
300600
300700
301000
301100
301200
301300
301400
301500
302000
302100
302400
302500
302600
302700
304000
304400
304500
305000
305100
305200
306100
306200
306300
306400
306500
306600
306700
306800
306900
307000
307100
307200
307300
307400
307500
307600
307700
307900
308000
308100
308200
308300
308400
308700
309200
309500
309600
310100
310200
310300
310800
312000
312100
312200
312300
312400
312500
312600
312700
312800
312900
313900
314000
314100
314200
314400
314800
315100
315900
316000
316300
316600
316800
318000
320000
320100
320200
320300
320800
320900
321000
321100
321200
321300
321500
322000
322100
322400
322500
323000
323100
323300
324000
328200
