#per_code;is_brand;gen1;gen2;gen3;level;name;genre_type;org_code;sub;chain;cuisine;building;three;lang;filename
436207616;;26;0;0;1;dummy;;0;;;;;0;;
436273152;;26;1;0;2;Airport;;4581;;;;;0;;
436338688;;26;2;0;2;Amusement Park;;7996;;;;;0;;
436404224;;26;3;0;2;Animal Park;;9718;;;;;0;;
436469760;;26;4;0;2;ATM;;3578;;;;;0;;
436535296;;26;5;0;2;Auto Dealerships;;5511;;;;;0;;
436600832;;26;6;0;2;Auto Dealership-Used Cars;;5512;;;;;0;;
436666368;;26;7;0;2;Automobile Club;;8699;;;;;0;;
436731904;;26;8;0;2;Auto Service & Maintenance;;7538;;;;;0;;
436797440;;26;9;0;2;Bank;;6000;;;;;0;;
436862976;;26;10;0;2;Book Store;;9995;;;;;0;;
436928512;;26;11;0;2;Border Crossing;;9999;;;;;0;;
436994048;;26;12;0;2;Bowling Centre;;7933;;;;;0;;
437059584;;26;13;0;2;Business Facility;;5000;;;;;0;;
437125120;;26;14;0;2;Bus Station;;4170;;;;;0;;
437190656;;26;15;0;2;Campground;;9517;;;;;0;;
437256192;;26;16;0;2;Cargo Centre;;9714;;;;;0;;
437321728;;26;17;0;2;Casino;;7985;;;;;0;;
437387264;;26;18;0;2;Cemetery;;9591;;;;;0;;
437452800;;26;19;0;2;Cinema;;7832;;;;;0;;
437518336;;26;20;0;2;City Hall;;9121;;;;;0;;
437583872;;26;21;0;2;Civic/Community Centre;;7994;;;;;0;;
437649408;;26;22;0;2;Clothing Store;;9537;;;;;0;;
437714944;;26;23;0;2;Coffee Shop;;9996;;;;;0;;
437780480;;26;24;0;2;Commuter Rail Station;;4100;;;;;0;;
437846016;;26;25;0;2;Consumer Electronics Store;;9987;;;;;0;;
437911552;;26;26;0;2;Convenience Store;;9535;;;;;0;;
437977088;;26;27;0;2;Convention/Exhibition Centre;;7990;;;;;0;;
438042624;;26;28;0;2;County Council;;9994;;;;;0;;
438108160;;26;29;0;2;Court House;;9211;;;;;0;;
438173696;;26;30;0;2;Delivery Entrance;;9722;;;;;0;;
438239232;;26;31;0;2;Department Store;;9545;;;;;0;;
438304768;;26;32;0;2;Dock;;9723;;;;;0;;
438370304;;26;33;0;2;Embassy;;9993;;;;;0;;
438435840;;26;34;0;2;Ferry Terminal;;4482;;;;;0;;
438501376;;26;35;0;2;Golf Course;;7992;;;;;0;;
438566912;;26;36;0;2;Golf Practice Range;;9573;;;;;0;;
438632448;;26;37;0;2;Government Office;;9525;;;;;0;;
438697984;;26;38;0;2;Grocery Store;;5400;;;;;0;;
438763520;;26;39;0;2;Higher Education;;8200;;;;;0;;
438829056;;26;40;0;2;Highway Exit;;9592;;;;;0;;
438894592;;26;41;0;2;Historical Monument;;5999;;;;;0;;
438960128;;26;42;0;2;Home Improvement & Hardware Store;;9986;;;;;0;;
439025664;;26;43;0;2;Home Specialty Store;;9560;;;;;0;;
439091200;;26;44;0;2;Hospital;;8060;;;;;0;;
439156736;;26;45;0;2;Hotel;;7011;;;;;0;;
439222272;;26;46;0;2;Ice Skating Rink;;7998;;;;;0;;
439287808;;26;47;0;2;Industrial Zone;;9991;;;;;0;;
439353344;;26;48;0;2;Library;;8231;;;;;0;;
439418880;;26;49;0;2;Loading Zone;;9724;;;;;0;;
439484416;;26;50;0;2;Marina;;4493;;;;;0;;
439549952;;26;51;0;2;Medical Service;;9583;;;;;0;;
439615488;;26;52;0;2;Military Base;;9715;;;;;0;;
439681024;;26;53;0;2;Motorcycle Dealership;;5571;;;;;0;;
439746560;;26;54;0;2;Museum;;8410;;;;;0;;
439812096;;26;55;0;2;Named Intersection;;9730;;;;;0;;
439877632;;26;56;0;2;Nightlife;;5813;;;;;0;;
439943168;;26;57;0;2;Office Supply and Service Store;;9988;;;;;0;;
440008704;;26;58;0;2;Other Accommodation;;7013;;;;;0;;
440074240;;26;59;0;2;Parking Garage/House;;7521;;;;;0;;
440139776;;26;60;0;2;Parking Lot;;7520;;;;;0;;
440205312;;26;61;0;2;Park/Recreation Area;;7947;;;;;0;;
440270848;;26;62;0;2;Park & Ride;;7522;;;;;0;;
440336384;;26;63;0;2;Performing Arts;;7929;;;;;0;;
440401920;;26;64;0;2;Petrol/Gasoline Station;;5540;;;;;0;;
440467456;;26;65;0;2;Pharmacy;;9565;;;;;0;;
440532992;;26;66;0;2;Place of Worship;;9992;;;;;0;;
440598528;;26;67;0;2;Police Station;;9221;;;;;0;;
440664064;;26;68;0;2;Post Office;;9530;;;;;0;;
440729600;;26;69;0;2;Public Restroom;;9589;;;;;0;;
440795136;;26;70;0;2;Public Sports Airport;;4580;;;;;0;;
440860672;;26;71;0;2;Public Transit Access;;9708;;;;;0;;
440926208;;26;72;0;2;Public Transit Stop;;9707;;;;;0;;
440991744;;26;73;0;2;Rental Car Agency;;7510;;;;;0;;
441057280;;26;74;0;2;Repair Services;;9595;;;;;0;;
441057280;;26;74;0;2;Repair Services;;9512;;;;;0;;
441122816;;26;75;0;2;Residential Area/Building;;9590;;;;;0;;
441188352;;26;76;0;2;Rest Area;;7897;;;;;0;;
441253888;;26;77;0;2;Restaurant;;5800;;;;;0;;
441319424;;26;78;0;2;School;;8211;;;;;0;;
441384960;;26;79;0;2;Shopping;;6512;;;;;0;;
441450496;;26;80;0;2;Ski Lift;;7014;;;;;0;;
441516032;;26;81;0;2;Ski Resort;;7012;;;;;0;;
441581568;;26;82;0;2;Specialty Store;;9567;;;;;0;;
441647104;;26;83;0;2;Sporting Good Store;;9568;;;;;0;;
441712640;;26;84;0;2;Sports Centre;;7997;;;;;0;;
441778176;;26;85;0;2;Sports Complex;;7940;;;;;0;;
441843712;;26;86;0;2;Taxi Stand;;9989;;;;;0;;
441909248;;26;87;0;2;Toll Booth;;9717;;;;;0;;
441974784;;26;88;0;2;Tourist Attraction;;7999;;;;;0;;
442040320;;26;89;0;2;Tourist Information;;7389;;;;;0;;
442105856;;26;90;0;2;Training Centre/Institute;;9596;;;;;0;;
442171392;;26;91;0;2;Train Station;;4013;;;;;0;;
442236928;;26;92;0;2;Transportation Service;;9593;;;;;0;;
442302464;;26;93;0;2;Truck Dealership;;9719;;;;;0;;
442368000;;26;94;0;2;Truck Stop/Plaza;;9522;;;;;0;;
442433536;;26;95;0;2;Weigh Station;;9710;;;;;0;;
442499072;;26;96;0;2;Winery;;2084;;;;;0;;
442564608;;26;97;0;2;Business Service;;9500;;;;;0;;
442630144;;26;98;0;2;Other Communication;;9501;;;;;0;;
442695680;;26;99;0;2;Telephone Service;;9502;;;;;0;;
442761216;;26;100;0;2;Cleaning & Laundry;;9503;;;;;0;;
442826752;;26;101;0;2;Hair & Beauty;;9504;;;;;0;;
442892288;;26;102;0;2;Mover;;9506;;;;;0;;
442957824;;26;103;0;2;Photography;;9507;;;;;0;;
443023360;;26;104;0;2;Video & Game Rental;;9508;;;;;0;;
443088896;;26;105;0;2;Storage;;9509;;;;;0;;
443154432;;26;106;0;2;Tailor & Alteration;;9510;;;;;0;;
443219968;;26;107;0;2;Tax Service;;9511;;;;;0;;
443285504;;26;108;0;2;Retirement/Nursing Home;;9513;;;;;0;;
443351040;;26;109;0;2;Social Service;;9514;;;;;0;;
443416576;;26;110;0;2;Utilities;;9515;;;;;0;;
443482112;;26;111;0;2;Waste & Sanitary;;9516;;;;;0;;
443547648;;26;112;0;2;Car Wash/Detailing;;9519;;;;;0;;
443613184;;26;113;0;2;Local Transit;;9520;;;;;0;;
443678720;;26;114;0;2;Travel Agent & Ticketing;;9521;;;;;0;;
443744256;;26;115;0;2;Fire Department;;9527;;;;;0;;
443809792;;26;116;0;2;Funeral Director;;9529;;;;;0;;
443875328;;26;117;0;2;Banquet Hall;;9531;;;;;0;;
443940864;;26;118;0;2;Cocktail Lounge;;9533;;;;;0;;
444006400;;26;119;0;2;Specialty Food Store;;9536;;;;;0;;
444071936;;26;120;0;2;Specialty Clothing Store;;9540;;;;;0;;
444137472;;26;121;0;2;Check Cashing Service;;9542;;;;;0;;
444203008;;26;122;0;2;Money Transferring Service;;9544;;;;;0;;
444268544;;26;123;0;2;Discount Store;;9546;;;;;0;;
444334080;;26;124;0;2;Other General Merchandise;;9547;;;;;0;;
444399616;;26;125;0;2;Variety Store;;9548;;;;;0;;
444465152;;26;126;0;2;Garden Center;;9549;;;;;0;;
444530688;;26;127;0;2;Glass & Window;;9550;;;;;0;;
444596224;;26;128;0;2;Hardware Store;;9551;;;;;0;;
444661760;;26;129;0;2;Lumber;;9553;;;;;0;;
444727296;;26;130;0;2;Other House & Garden;;9554;;;;;0;;
444792832;;26;131;0;2;Paint;;9555;;;;;0;;
444858368;;26;132;0;2;Entertainment Electronics;;9556;;;;;0;;
444923904;;26;133;0;2;Floor & Carpet;;9557;;;;;0;;
444989440;;26;134;0;2;Furniture Store;;9558;;;;;0;;
445054976;;26;135;0;2;Major Appliance;;9559;;;;;0;;
445120512;;26;136;0;2;Computer & Software;;9561;;;;;0;;
445186048;;26;137;0;2;Flowers & Jewelry;;9562;;;;;0;;
445251584;;26;138;0;2;Gift, Antique, & Art;;9563;;;;;0;;
445317120;;26;139;0;2;Optical;;9564;;;;;0;;
445382656;;26;140;0;2;Record, CD, & Video;;9566;;;;;0;;
445448192;;26;141;0;2;Wine & Liquor;;9569;;;;;0;;
445513728;;26;142;0;2;Boating;;9570;;;;;0;;
445579264;;26;143;0;2;Race Track;;9572;;;;;0;;
445644800;;26;144;0;2;Health Club;;9574;;;;;0;;
445710336;;26;145;0;2;Sports Activities;;9576;;;;;0;;
445775872;;26;146;0;2;Recreation Center;;9577;;;;;0;;
445841408;;26;147;0;2;Attorney;;9578;;;;;0;;
445906944;;26;148;0;2;Physician;;9580;;;;;0;;
445972480;;26;149;0;2;Realtor;;9581;;;;;0;;
446038016;;26;150;0;2;Police Service;;9584;;;;;0;;
446103552;;26;151;0;2;Veterinarian;;9585;;;;;0;;
446169088;;26;152;0;2;Sporting & Instructional Camps;;9586;;;;;0;;
446234624;;26;153;0;2;Premium Default;;9990;;;;;0;;
446300160;;26;154;0;2;Toyota Dealer;;99999;;;;;0;;
436404225;;26;3;1;3;Aquarium;;9718058;;;;;0;;
436404226;;26;3;2;3;Wild Animal Park;;9718056;;;;;0;;
436404227;;26;3;3;3;Wildlife Refuge;;9718057;;;;;0;;
436404228;;26;3;4;3;Zoo;;9718055;;;;;0;;
436731905;;26;8;1;3;Auto Parts;;7538002;;;;;0;;
436731905;;26;8;1;3;Auto Parts;;9518;;;;;0;;
436731906;;26;8;2;3;Car Repair;;7538003;;;;;0;;
436731907;;26;8;3;3;Car Wash;;7538001;;;;;0;;
436731908;;26;8;4;3;Emission Testing;;7538006;;;;;0;;
436731909;;26;8;5;3;Tire Repair;;7538005;;;;;0;;
436731910;;26;8;6;3;Truck Repair;;7538004;;;;;0;;
436731911;;26;8;7;3;Van Repair;;7538064;;;;;0;;
437256193;;26;16;1;3;Airport Cargo;;9714054;;;;;0;;
437256194;;26;16;2;3;Railyard;;9714053;;;;;0;;
437256195;;26;16;3;3;Seaport/Harbour;;9714052;;;;;0;;
437387265;;26;18;1;3;Cemetery;;9591032;;;;;0;;
437387266;;26;18;2;3;Crematorium;;9591033;;;;;0;;
437649409;;26;22;1;3;Children's Apparel;;9537049;;;;;0;;
437649410;;26;22;2;3;Men's Apparel;;9537047;;;;;0;;
437649410;;26;22;2;3;Men's Apparel;;9538;;;;;0;;
437649411;;26;22;3;3;Shoes/Footwear;;9537050;;;;;0;;
437649411;;26;22;3;3;Shoes/Footwear;;9539;;;;;0;;
437649412;;26;22;4;3;Women's Apparel;;9537048;;;;;0;;
437649412;;26;22;4;3;Women's Apparel;;9541;;;;;0;;
437780481;;26;24;1;3;Commuter Rail Station;;4100029;;;;;0;;
437780482;;26;24;2;3;Underground Train/Subway;;4100028;;;;;0;;
437846017;;26;25;1;3;Mobile Retailer;;9987070;;;;;0;;
437846018;;26;25;2;3;Mobile Service Centre;;9987071;;;;;0;;
438435841;;26;34;1;3;Boat Ferry;;4482062;;;;;0;;
438435842;;26;34;2;3;Rail Ferry;;4482063;;;;;0;;
438697985;;26;38;1;3;Indoor Market;;5400094;;;;;0;;
438697986;;26;38;2;3;Outdoor Market;;5400093;;;;;0;;
438960129;;26;42;1;3;Power Equipment Dealer;;9986077;;;;;0;;
439156737;;26;45;1;3;Hotel;;7011017;;;;;0;;
439156738;;26;45;2;3;Motel;;7011018;;;;;0;;
439549953;;26;51;1;3;Blood Bank;;9583092;;;;;0;;
439549954;;26;51;2;3;Clinic/Medical Centre;;9583025;;;;;0;;
439549955;;26;51;3;3;Dentist;;9583024;;;;;0;;
439549955;;26;51;3;3;Dentist;;9579;;;;;0;;
439549956;;26;51;4;3;Family/General Practice;;9583023;;;;;0;;
439549957;;26;51;5;3;Nursing Home;;9583026;;;;;0;;
439549958;;26;51;6;3;Pediatrician;;9583081;;;;;0;;
439549959;;26;51;7;3;Psychiatric Institute;;9583027;;;;;0;;
439746561;;26;54;1;3;Art;;8410069;;;;;0;;
439746562;;26;54;2;3;Children's;;8410067;;;;;0;;
439746563;;26;54;3;3;History;;8410068;;;;;0;;
439746564;;26;54;4;3;Science;;8410066;;;;;0;;
439877633;;26;56;1;3;Bar/Pub/Stube/ Biergarten;;5813034;;;;;0;;
439877634;;26;56;2;3;Billiards/Pool Hall;;5813040;;;;;0;;
439877635;;26;56;3;3;Dancing;;5813037;;;;;0;;
439877636;;26;56;4;3;Jazz Club;;5813042;;;;;0;;
439877637;;26;56;5;3;Karaoke;;5813038;;;;;0;;
439877638;;26;56;6;3;Live Entertainment/Music/Cabaret;;5813039;;;;;0;;
439877639;;26;56;7;3;Nightclub;;5813036;;;;;0;;
439877640;;26;56;8;3;Video Arcade/Gaming Room;;5813041;;;;;0;;
440008705;;26;58;1;3;Bed & Breakfast;;7013022;;;;;0;;
440008706;;26;58;2;3;Guest House;;7013019;;;;;0;;
440008707;;26;58;3;3;Holiday Park;;7013021;;;;;0;;
440008708;;26;58;4;3;Hostel;;7013020;;;;;0;;
440008709;;26;58;5;3;Short-Time Motel;;7013051;;;;;0;;
440139777;;26;60;1;3;Cellphone Parking Lot;;7520074;;;;;0;;
440205313;;26;61;1;3;Beach;;7947060;;;;;0;;
440205314;;26;61;2;3;Garden;;7947059;;;;;0;;
440205315;;26;61;3;3;Off Road Vehicle (ORV) Area;;7947080;;;;;0;;
440205316;;26;61;4;3;Sports Field;;7947061;;;;;0;;
440205317;;26;61;5;3;Trailhead;;7947078;;;;;0;;
440467457;;26;65;1;3;Drugstore;;9565031;;;;;0;;
440467458;;26;65;2;3;Pharmacy;;9565030;;;;;0;;
440532993;;26;66;1;3;Ashram;;9992005;;;;;0;;
440532994;;26;66;2;3;Church;;9992002;;;;;0;;
440532995;;26;66;3;3;Mosque;;9992001;;;;;0;;
440532996;;26;66;4;3;Synagogue;;9992004;;;;;0;;
440532997;;26;66;5;3;Temple;;9992003;;;;;0;;
440532998;;26;66;6;3;Other Places of Worship;;9992006;;;;;0;;
441057281;;26;74;1;3;Electrical;;9595090;;;;;0;;
441057282;;26;74;2;3;Plumbing;;9595091;;;;;0;;
441319425;;26;78;1;3;PreSchool;;8211086;;;;;0;;
441581569;;26;82;1;3;Bakery;;9567082;;;;;0;;
441581570;;26;82;2;3;Butcher;;9567083;;;;;0;;
441581571;;26;82;3;3;Dairy Goods;;9567084;;;;;0;;
441581572;;26;82;4;3;Food/Beverage;;9567046;;;;;0;;
441581573;;26;82;5;3;Hobby, Toy, and Game Store;;9567079;;;;;0;;
441581574;;26;82;6;3;Pet Supply;;9567044;;;;;0;;
441581575;;26;82;7;3;Sweets Shop;;9567085;;;;;0;;
441581576;;26;82;8;3;Warehouse/Wholesale;;9567045;;;;;0;;
441712641;;26;84;1;3;Badminton;;7997073;;;;;0;;
441712642;;26;84;2;3;Basketball;;7997072;;;;;0;;
441712643;;26;84;3;3;Diving Centre;;7997076;;;;;0;;
441712644;;26;84;4;3;Fitness & Health Club;;7997007;;;;;0;;
441712645;;26;84;5;3;Hockey;;7997016;;;;;0;;
441712646;;26;84;6;3;Indoor Ski;;7997010;;;;;0;;
441712647;;26;84;7;3;Indoor Sports;;7997015;;;;;0;;
441712648;;26;84;8;3;Racket Ball Court;;7997008;;;;;0;;
441712649;;26;84;9;3;Rugby;;7997075;;;;;0;;
441712650;;26;84;10;3;Shooting Range;;7997009;;;;;0;;
441712651;;26;84;11;3;Soccer Club;;7997011;;;;;0;;
441712652;;26;84;12;3;Squash;;7997012;;;;;0;;
441712653;;26;84;13;3;Swimming Pool;;7997013;;;;;0;;
441712654;;26;84;14;3;Tennis Court;;7997014;;;;;0;;
441974785;;26;88;1;3;Gallery;;7999065;;;;;0;;
442105857;;26;90;1;3;Coaching Institute;;9596087;;;;;0;;
442105858;;26;90;2;3;Fine Arts;;9596088;;;;;0;;
442105859;;26;90;3;3;Language Studies;;9596089;;;;;0;;
