#gen_0;gen_1;gen_2;level;genre_is_brand;importance;genre_type;org_code1;org_code2;chaincode;genre_id
10;0;0;0;N;;1;;;;-1
1;0;0;0;N;;null;;;;1
1;1;0;1;N;;null;;;;2
1;2;0;1;N;;null;10C3;;;3
1;2;0;1;N;;null;;;;3
1;2;0;1;N;;null;1086;;;3
1;2;0;1;N;;null;1088;;;3
1;2;0;1;N;;null;1080;;;3
1;2;0;1;N;;null;10C2;;;3
1;2;0;1;N;;null;10C7;;;3
1;2;0;1;N;;null;1087;;;3
1;2;0;1;N;;null;10C4;;;3
1;2;0;1;N;;null;1081;;;3
1;2;0;1;N;;null;10C1;;;3
1;2;0;1;N;;null;10C8;;;3
1;2;0;1;N;;null;10C0;;;3
1;2;0;1;N;;null;1085;;;3
1;2;1;2;Y;;null;1080;;3117;4
1;2;2;2;Y;;null;1080;;3107;5
1;2;3;2;Y;;null;1080;;330F;6
1;2;4;2;Y;;null;1080;;3417;7
1;2;5;2;Y;;null;1080;;3329;8
1;2;6;2;Y;;null;1080;;303D;9
1;2;7;2;Y;;null;1080;;3436;10
1;2;8;2;Y;;null;1080;;2FCC;11
1;2;9;2;Y;;null;1080;;3434;12
1;2;10;2;Y;;null;1080;;3119;13
1;2;11;2;Y;;null;1080;;3111;14
1;2;12;2;Y;;null;1080;;3090;15
1;2;13;2;Y;;null;1080;;334B;16
1;2;14;2;Y;;null;1080;;3348;17
1;2;15;2;Y;;null;1080;;3431;18
1;2;16;2;Y;;null;1080;;312D;19
1;2;17;2;Y;;null;1080;;3037;20
1;2;18;2;Y;;null;1080;;3433;21
1;2;19;2;Y;;null;1080;;341B;22
1;2;20;2;Y;;null;1080;;3369;23
1;2;21;2;Y;;null;1080;;311A;24
1;2;22;2;Y;;null;1080;;3432;25
1;2;23;2;Y;;null;1080;;3604;26
1;2;24;2;Y;;null;1080;;3430;27
1;2;25;2;Y;;null;1080;;3429;28
1;2;26;2;Y;;null;1080;;2FB8;29
1;2;27;2;Y;;null;1080;;3109;30
1;2;28;2;Y;;null;1080;;3052;31
1;2;29;2;Y;;null;1080;;3126;32
1;2;30;2;Y;;null;1080;;4128;33
1;2;31;2;Y;;null;1080;;3099;34
1;2;32;2;Y;;null;1080;;3034;35
1;2;33;2;Y;;null;1080;;2F9F;36
1;2;34;2;Y;;null;1080;;333F;37
1;2;35;2;Y;;null;1080;;414B;38
1;2;36;2;Y;;null;1080;;3419;39
1;2;37;2;Y;;null;1080;;3491;40
1;2;38;2;Y;;null;1080;;3054;41
1;2;39;2;Y;;null;1080;;3424;42
1;2;40;2;Y;;null;1080;;3128;43
1;2;41;2;Y;;null;1080;;3114;44
1;2;42;2;Y;;null;1080;;3086;45
1;2;43;2;Y;;null;1080;;412A;46
1;2;44;2;Y;;null;1080;;34CA;47
1;2;45;2;Y;;null;1080;;3416;48
1;2;46;2;Y;;null;1080;;3116;49
1;2;47;2;Y;;null;1080;;303C;50
1;2;48;2;Y;;null;1080;;333E;51
1;2;49;2;Y;;null;1080;;3412;52
1;2;50;2;Y;;null;1080;;3131;53
1;2;51;2;Y;;null;1080;;3089;54
1;2;52;2;Y;;null;1080;;3423;55
1;2;53;2;Y;;null;1080;;3101;56
1;2;54;2;Y;;null;1080;;334F;57
1;2;55;2;Y;;null;1080;;311B;58
1;2;56;2;Y;;null;1080;;312B;59
1;2;57;2;Y;;null;1080;;3414;60
1;2;58;2;Y;;null;1080;;3407;61
1;2;59;2;Y;;null;1080;;3415;62
1;2;60;2;Y;;null;1080;;307C;63
1;2;61;2;Y;;null;1080;;310C;64
1;2;62;2;Y;;null;1080;;3437;65
1;2;63;2;Y;;null;1080;;3331;66
1;2;64;2;Y;;null;1080;;2FDB;67
1;2;65;2;Y;;null;1080;;333A;68
1;2;66;2;Y;;null;1080;;330C;69
1;2;67;2;Y;;null;1080;;3301;70
1;2;68;2;Y;;null;1080;;3403;71
1;2;69;2;Y;;null;1080;;302C;72
1;2;70;2;Y;;null;1080;;3048;73
1;2;71;2;Y;;null;1081;;2223;74
1;2;72;2;Y;;null;1085;;304C;75
1;2;73;2;Y;;null;1086;;3340;76
1;2;74;2;Y;;null;1087;;3053;77
1;2;75;2;Y;;null;1088;;3342;78
1;2;76;2;Y;;null;10C0;;3056;79
1;2;77;2;Y;;null;10C1;;8008;80
1;2;78;2;Y;;null;10C2;;3051;81
1;2;79;2;Y;;null;10C3;;3055;82
1;2;80;2;Y;;null;10C4;;3062;83
1;2;81;2;Y;;null;10C7;;3036;84
1;2;82;2;Y;;null;10C8;;3063;85
1;2;83;2;Y;;null;1080;;3438;86
1;2;84;2;Y;;null;1080;;3410;87
1;2;85;2;Y;;null;1080;;311F;88
1;2;86;2;Y;;null;1080;;4127;89
1;2;87;2;Y;;null;1080;;3428;90
1;2;88;2;Y;;null;1080;;303E;91
1;2;89;2;Y;;null;1080;;3123;92
1;2;90;2;Y;;null;1080;;3338;93
1;2;91;2;Y;;null;1080;;3124;94
1;2;92;2;Y;;null;1080;;3110;95
1;2;93;2;Y;;null;1080;;3127;96
1;2;94;2;Y;;null;1080;;3045;97
1;2;95;2;Y;;null;1080;;311D;98
1;2;96;2;Y;;null;1080;;3310;99
1;2;97;2;Y;;null;1080;;2FDD;100
1;2;98;2;Y;;null;1080;;3300;101
1;2;99;2;Y;;null;1080;;310E;102
1;2;100;2;Y;;null;1080;;341A;103
1;2;101;2;Y;;null;1080;;3421;104
1;2;102;2;Y;;null;1080;;3092;105
1;2;103;2;Y;;null;1080;;334C;106
1;2;104;2;Y;;null;1080;;3435;107
1;2;105;2;Y;;null;1080;;2FD9;108
1;2;106;2;Y;;null;1080;;3352;109
1;2;107;2;Y;;null;1080;;3325;110
1;2;108;2;Y;;null;1080;;303A;111
1;2;109;2;Y;;null;1080;;2FC7;112
1;2;110;2;Y;;null;1080;;3332;113
1;2;111;2;Y;;null;1080;;342F;114
1;2;112;2;Y;;null;1080;;3040;115
1;2;113;2;Y;;null;1080;;304B;116
1;2;114;2;Y;;null;1080;;311C;117
1;2;115;2;Y;;null;1080;;412C;118
1;2;116;2;Y;;null;1080;;335B;119
1;2;117;2;Y;;null;1080;;3106;120
1;2;118;2;Y;;null;1080;;307A;121
1;3;0;1;N;;null;1980;;;122
1;3;1;2;Y;;null;1980;;4129;123
1;3;2;2;Y;;null;1980;;3049;124
1;3;3;2;Y;;null;1980;;3032;125
1;3;4;2;Y;;null;1980;;335F;126
1;3;5;2;Y;;null;1980;;333F;127
1;3;6;2;Y;;null;1980;;303E;128
1;3;7;2;Y;;null;1980;;4128;129
1;3;8;2;Y;;null;1980;;3031;130
1;3;9;2;Y;;null;1980;;3038;131
1;3;10;2;Y;;null;1980;;303B;132
1;3;11;2;Y;;null;1980;;3358;133
1;3;12;2;Y;;null;1980;;302C;134
1;3;13;2;Y;;null;1980;;3300;135
1;3;14;2;Y;;null;1980;;330D;136
1;3;15;2;Y;;null;1980;;305E;137
1;3;16;2;Y;;null;1980;;3037;138
1;4;0;1;N;;null;1300;;;139
1;4;1;2;Y;;null;1300;;3088;140
1;4;2;2;Y;;null;1300;;34CB;141
1;4;3;2;Y;;null;1300;;2FC8;142
1;4;4;2;Y;;null;1300;;3304;143
1;4;5;2;Y;;null;1300;;2F94;144
1;4;6;2;Y;;null;1300;;309E;145
1;4;7;2;Y;;null;1300;;3110;146
1;4;8;2;Y;;null;1300;;303F;147
1;4;9;2;Y;;null;1300;;360C;148
1;4;10;2;Y;;null;1300;;2F9E;149
1;4;11;2;Y;;null;1300;;341F;150
1;4;12;2;Y;;null;1300;;3305;151
1;4;13;2;Y;;null;1300;;3060;152
1;4;14;2;Y;;null;1300;;311B;153
1;4;15;2;Y;;null;1300;;3329;154
1;4;16;2;Y;;null;1300;;3320;155
1;4;17;2;Y;;null;1300;;2FA2;156
1;4;18;2;Y;;null;1300;;4126;157
1;4;19;2;Y;;null;1300;;311F;158
1;4;20;2;Y;;null;1300;;2FF3;159
1;4;21;2;Y;;null;1300;;3301;160
1;4;22;2;Y;;null;1300;;3405;161
1;4;23;2;Y;;null;1300;;3479;162
1;4;24;2;Y;;null;1300;;2F8A;163
1;4;25;2;Y;;null;1300;;360B;164
1;4;26;2;Y;;null;1300;;3478;165
1;4;27;2;Y;;null;1300;;341A;166
1;4;28;2;Y;;null;1300;;334A;167
1;4;29;2;Y;;null;1300;;3078;168
1;4;30;2;Y;;null;1300;;3091;169
1;4;31;2;Y;;null;1300;;308E;170
1;4;32;2;Y;;null;1300;;3070;171
1;4;33;2;Y;;null;1300;;3123;172
1;4;34;2;Y;;null;1300;;3303;173
1;4;35;2;Y;;null;1300;;3412;174
1;4;36;2;Y;;null;1300;;2F9A;175
1;4;37;2;Y;;null;1300;;34AD;176
1;4;38;2;Y;;null;1300;;3135;177
1;4;39;2;Y;;null;1300;;342A;178
1;4;40;2;Y;;null;1300;;3477;179
1;4;41;2;Y;;null;1300;;3117;180
1;4;42;2;Y;;null;1300;;2F98;181
1;4;43;2;Y;;null;1300;;3043;182
1;4;44;2;Y;;null;1300;;2FD6;183
1;4;45;2;Y;;null;1300;;3039;184
1;4;46;2;Y;;null;1300;;3302;185
1;4;47;2;Y;;null;1300;;305F;186
1;4;48;2;Y;;null;1300;;342B;187
1;4;49;2;Y;;null;1300;;3367;188
1;4;50;2;Y;;null;1300;;2F8C;189
1;4;51;2;Y;;null;1300;;2FA1;190
1;4;52;2;Y;;null;1300;;3083;191
1;4;53;2;Y;;null;1300;;3047;192
1;4;54;2;Y;;null;1300;;3044;193
1;4;55;2;Y;;null;1300;;309F;194
1;4;56;2;Y;;null;1300;;311A;195
1;4;57;2;Y;;null;1300;;307B;196
1;4;58;2;Y;;null;1300;;312C;197
1;4;59;2;Y;;null;1300;;306D;198
1;4;60;2;Y;;null;1300;;3030;199
1;4;61;2;Y;;null;1300;;3308;200
1;4;62;2;Y;;null;1300;;3100;201
1;4;63;2;Y;;null;1300;;2F93;202
1;4;64;2;Y;;null;1300;;3317;203
1;4;65;2;Y;;null;1300;;3333;204
1;4;66;2;Y;;null;1300;;302F;205
1;4;67;2;Y;;null;1300;;3130;206
1;4;68;2;Y;;null;1300;;3098;207
1;4;69;2;Y;;null;1300;;2FD3;208
1;4;70;2;Y;;null;1300;;3365;209
1;4;71;2;Y;;null;1300;;3350;210
1;4;72;2;Y;;null;1300;;332A;211
1;4;73;2;Y;;null;1300;;3094;212
1;4;74;2;Y;;null;1300;;3127;213
1;5;0;1;N;;null;1380;;;214
1;5;1;2;Y;;null;1380;;304D;215
1;5;2;2;Y;;null;1380;;312A;216
1;5;3;2;Y;;null;1380;;2F8E;217
1;5;4;2;Y;;null;1380;;341C;218
1;5;5;2;Y;;null;1380;;3366;219
1;5;6;2;Y;;null;1380;;2F9C;220
1;5;7;2;Y;;null;1380;;3097;221
1;5;8;2;Y;;null;1380;;310C;222
1;5;9;2;Y;;null;1380;;3133;223
1;5;10;2;Y;;null;1380;;335C;224
1;5;11;2;Y;;null;1380;;2FDE;225
1;5;12;2;Y;;null;1380;;309D;226
1;5;13;2;Y;;null;1380;;3071;227
1;5;14;2;Y;;null;1380;;331E;228
1;5;15;2;Y;;null;1380;;311E;229
1;5;16;2;Y;;null;1380;;2F91;230
1;5;17;2;Y;;null;1380;;3077;231
1;5;18;2;Y;;null;1380;;330A;232
1;5;19;2;Y;;null;1380;;306E;233
1;5;20;2;Y;;null;1380;;3092;234
1;5;21;2;Y;;null;1380;;330C;235
1;5;22;2;Y;;null;1380;;341E;236
1;5;23;2;Y;;null;1380;;335F;237
1;5;24;2;Y;;null;1380;;2FF4;238
1;5;25;2;Y;;null;1380;;3418;239
1;5;26;2;Y;;null;1380;;305E;240
1;5;27;2;Y;;null;1380;;2FD4;241
1;5;28;2;Y;;null;1380;;302B;242
1;5;29;2;Y;;null;1380;;3102;243
1;5;30;2;Y;;null;1380;;307F;244
1;5;31;2;Y;;null;1380;;346A;245
1;5;32;2;Y;;null;1380;;3032;246
1;5;33;2;Y;;null;1380;;332D;247
1;5;34;2;Y;;null;1380;;3075;248
1;5;35;2;Y;;null;1380;;2487;249
1;5;36;2;Y;;null;1380;;3300;250
1;5;37;2;Y;;null;1380;;335D;251
1;5;38;2;Y;;null;1380;;3425;252
1;5;39;2;Y;;null;1380;;333D;253
1;5;40;2;Y;;null;1380;;3306;254
1;5;41;2;Y;;null;1380;;3318;255
1;5;42;2;Y;;null;1380;;2F9D;256
1;5;43;2;Y;;null;1380;;3081;257
1;5;44;2;Y;;null;1380;;331A;258
1;5;45;2;Y;;null;1380;;303C;259
1;5;46;2;Y;;null;1380;;330B;260
1;5;47;2;Y;;null;1380;;345B;261
1;5;48;2;Y;;null;1380;;302C;262
1;5;49;2;Y;;null;1380;;2FD2;263
1;5;50;2;Y;;null;1380;;3035;264
1;5;51;2;Y;;null;1380;;2FC9;265
1;5;52;2;Y;;null;1380;;3400;266
1;5;53;2;Y;;null;1380;;3312;267
1;5;54;2;Y;;null;1380;;2F8D;268
1;5;55;2;Y;;null;1380;;309A;269
1;5;56;2;Y;;null;1380;;305D;270
1;5;57;2;Y;;null;1380;;3073;271
1;5;58;2;Y;;null;1380;;2FDA;272
1;5;59;2;Y;;null;1380;;310B;273
1;5;60;2;Y;;null;1380;;2FDD;274
1;5;61;2;Y;;null;1380;;2F96;275
1;5;62;2;Y;;null;1380;;3124;276
1;5;63;2;Y;;null;1380;;3321;277
1;5;64;2;Y;;null;1380;;3462;278
1;5;65;2;Y;;null;1380;;3324;279
1;5;66;2;Y;;null;1380;;3080;280
1;5;67;2;Y;;null;1380;;307A;281
1;5;68;2;Y;;null;1380;;3082;282
1;5;69;2;Y;;null;1380;;2FD1;283
1;5;70;2;Y;;null;1380;;3109;284
1;5;71;2;Y;;null;1380;;3074;285
1;5;72;2;Y;;null;1380;;302D;286
1;5;73;2;Y;;null;1380;;3076;287
1;5;74;2;Y;;null;1380;;308F;288
1;5;75;2;Y;;null;1380;;3319;289
1;5;76;2;Y;;null;1380;;3352;290
1;5;77;2;Y;;null;1380;;331B;291
1;5;78;2;Y;;null;1380;;303E;292
1;5;79;2;Y;;null;1380;;310F;293
1;5;80;2;Y;;null;1380;;3413;294
1;5;81;2;Y;;null;1380;;3084;295
1;5;82;2;Y;;null;1380;;312B;296
1;5;83;2;Y;;null;1380;;3358;297
1;5;84;2;Y;;null;1380;;306B;298
1;5;85;2;Y;;null;1380;;3108;299
1;5;86;2;Y;;null;1380;;3359;300
1;5;87;2;Y;;null;1380;;2F89;301
1;5;88;2;Y;;null;1380;;3475;302
1;5;89;2;Y;;null;1380;;309C;303
1;5;90;2;Y;;null;1380;;3086;304
1;5;91;2;Y;;null;1380;;2F8B;305
1;5;92;2;Y;;null;1380;;3122;306
1;5;93;2;Y;;null;1380;;3474;307
1;5;94;2;Y;;null;1380;;312F;308
1;5;95;2;Y;;null;1380;;330E;309
1;5;96;2;Y;;null;1380;;3048;310
1;5;97;2;Y;;null;1380;;2FA0;311
1;5;98;2;Y;;null;1380;;3105;312
1;5;99;2;Y;;null;1380;;303B;313
1;5;100;2;Y;;null;1380;;307C;314
1;5;101;2;Y;;null;1380;;3347;315
1;5;102;2;Y;;null;1380;;3037;316
1;5;103;2;Y;;null;1380;;3461;317
1;5;104;2;Y;;null;1380;;335E;318
1;5;105;2;Y;;null;1380;;331F;319
1;5;106;2;Y;;null;1380;;346E;320
1;5;107;2;Y;;null;1380;;3087;321
1;5;108;2;Y;;null;1380;;3466;322
1;5;109;2;Y;;null;1380;;3085;323
1;5;110;2;Y;;null;1380;;336C;324
1;5;111;2;Y;;null;1380;;3093;325
1;5;112;2;Y;;null;1380;;3402;326
1;5;113;2;Y;;null;1380;;311D;327
1;5;114;2;Y;;null;1380;;3120;328
1;5;115;2;Y;;null;1380;;3439;329
1;5;116;2;Y;;null;1380;;3115;330
1;5;117;2;Y;;null;1380;;3467;331
1;5;118;2;Y;;null;1380;;412B;332
1;5;119;2;Y;;null;1380;;3129;333
1;5;120;2;Y;;null;1380;;3476;334
1;5;121;2;Y;;null;1380;;3343;335
1;5;122;2;Y;;null;1380;;333C;336
1;5;123;2;Y;;null;1380;;412A;337
1;5;124;2;Y;;null;1380;;3322;338
1;5;125;2;Y;;null;1380;;334E;339
1;5;126;2;Y;;null;1380;;3345;340
1;5;127;2;Y;;null;1380;;3061;341
1;5;128;2;Y;;null;1380;;3463;342
1;5;129;2;Y;;null;1380;;3328;343
1;5;130;2;Y;;null;1380;;2F99;344
1;5;131;2;Y;;null;1380;;345D;345
1;5;132;2;Y;;null;1380;;3042;346
1;5;133;2;Y;;null;1380;;3121;347
1;5;134;2;Y;;null;1380;;3363;348
1;5;135;2;Y;;null;1380;;3468;349
1;5;136;2;Y;;null;1380;;346D;350
1;5;137;2;Y;;null;1380;;304F;351
1;5;138;2;Y;;null;1380;;309B;352
1;5;139;2;Y;;null;1380;;3050;353
1;5;140;2;Y;;null;1380;;307D;354
1;5;141;2;Y;;null;1380;;345A;355
1;5;142;2;Y;;null;1380;;2F9E;356
1;5;143;2;Y;;null;1380;;334D;357
1;5;144;2;Y;;null;1380;;302E;358
1;5;145;2;Y;;null;1380;;3138;359
1;5;146;2;Y;;null;1380;;3125;360
1;5;147;2;Y;;null;1380;;335A;361
1;5;148;2;Y;;null;1380;;3485;362
1;5;149;2;Y;;null;1380;;3469;363
1;5;150;2;Y;;null;1380;;2F97;364
1;5;151;2;Y;;null;1380;;333F;365
1;5;152;2;Y;;null;1380;;306C;366
1;5;153;2;Y;;null;1380;;4129;367
1;5;154;2;Y;;null;1380;;2FF5;368
1;5;155;2;Y;;null;1380;;3471;369
1;5;156;2;Y;;null;1380;;3049;370
1;5;157;2;Y;;null;1380;;10E3;371
1;5;158;2;Y;;null;1380;;3311;372
1;5;159;2;Y;;null;1380;;3031;373
1;5;160;2;Y;;null;1380;;3421;374
1;5;161;2;Y;;null;1380;;3099;375
1;5;162;2;Y;;null;1380;;10E2;376
1;5;163;2;Y;;null;1380;;346F;377
1;5;164;2;Y;;null;1380;;3419;378
1;5;165;2;Y;;null;1380;;3096;379
1;5;166;2;Y;;null;1380;;3470;380
1;5;167;2;Y;;null;1380;;3357;381
1;5;168;2;Y;;null;1380;;3072;382
1;5;169;2;Y;;null;1380;;3465;383
1;5;170;2;Y;;null;1380;;333B;384
1;5;171;2;Y;;null;1380;;3033;385
1;5;172;2;Y;;null;1380;;332F;386
1;5;173;2;Y;;null;1380;;3118;387
1;5;174;2;Y;;null;1380;;340A;388
1;5;175;2;Y;;null;1380;;332E;389
1;5;176;2;Y;;null;1380;;2FB8;390
1;5;177;2;Y;;null;1380;;2FD5;391
1;5;178;2;Y;;null;1380;;336A;392
1;5;179;2;Y;;null;1380;;3361;393
1;5;180;2;Y;;null;1380;;346C;394
1;5;181;2;Y;;null;1380;;3354;395
1;5;182;2;Y;;null;1380;;306F;396
1;5;183;2;Y;;null;1380;;345E;397
1;5;184;2;Y;;null;1380;;330D;398
1;5;185;2;Y;;null;1380;;2FCF;399
1;5;186;2;Y;;null;1380;;3134;400
1;5;187;2;Y;;null;1380;;10D4;401
1;5;188;2;Y;;null;1380;;3362;402
1;5;189;2;Y;;null;1380;;3038;403
1;5;190;2;Y;;null;1380;;3473;404
1;5;191;2;Y;;null;1380;;2FD8;405
1;5;192;2;Y;;null;1380;;3111;406
1;5;193;2;Y;;null;1380;;3323;407
1;5;194;2;Y;;null;1380;;308B;408
1;5;195;2;Y;;null;1380;;336B;409
1;5;196;2;Y;;null;1380;;3435;410
1;5;197;2;Y;;null;1380;;2FCD;411
1;5;198;2;Y;;null;1380;;34C9;412
1;5;199;2;Y;;null;1380;;3356;413
1;5;200;2;Y;;null;1380;;3335;414
1;5;201;2;Y;;null;1380;;3126;415
1;5;202;2;Y;;null;1380;;345C;416
1;5;203;2;Y;;null;1380;;346B;417
1;5;204;2;Y;;null;1380;;3437;418
1;5;205;2;Y;;null;1380;;3112;419
1;5;206;2;Y;;null;1380;;312E;420
1;5;207;2;Y;;null;1380;;3079;421
1;5;208;2;Y;;null;1380;;313A;422
1;5;209;2;Y;;null;1380;;306A;423
1;5;210;2;Y;;null;1380;;3315;424
1;5;211;2;Y;;null;1380;;3341;425
1;5;212;2;Y;;null;1380;;412C;426
1;5;213;2;Y;;null;1380;;3411;427
1;5;214;2;Y;;null;1380;;3472;428
1;5;215;2;Y;;null;1380;;3351;429
1;5;216;2;Y;;null;1380;;3113;430
1;5;217;2;Y;;null;1380;;308D;431
1;5;218;2;Y;;null;1380;;2FDF;432
1;5;219;2;Y;;null;1380;;307E;433
1;5;220;2;Y;;null;1380;;3103;434
1;5;221;2;Y;;null;1380;;3464;435
1;5;222;2;Y;;null;1380;;3041;436
1;5;223;2;Y;;null;1380;;3426;437
1;5;224;2;Y;;null;1380;;3460;438
1;5;225;2;Y;;null;1380;;345F;439
1;5;226;2;Y;;null;1380;;3364;440
1;5;227;2;Y;;null;1380;;3336;441
1;6;0;1;N;;null;1500;;;442
1;6;1;2;Y;;null;1500;;3420;443
1;6;2;2;Y;;null;1500;;4124;444
1;6;3;2;Y;;null;1500;;3479;445
1;7;0;1;N;;null;1601;;;446
1;7;0;1;N;;null;1604;;;446
1;7;0;1;N;;null;1603;;;446
1;7;0;1;N;;null;1602;;;446
1;7;0;1;N;;null;1605;;;446
1;7;0;1;N;;null;;;;446
1;7;1;2;Y;;null;1602;;2F9B;447
1;7;2;2;Y;;null;1601;;342E;448
1;7;3;2;Y;;null;1601;;342C;449
1;7;4;2;Y;;null;1601;;230A;450
1;7;5;2;Y;;null;1601;;3368;451
1;7;6;2;Y;;null;1601;;340C;452
1;7;7;2;Y;;null;1601;;340B;453
1;7;8;2;Y;;null;1601;;3600;454
1;7;9;2;Y;;null;1601;;304E;455
1;7;10;2;Y;;null;1602;;2F8D;456
1;7;11;2;Y;;null;1602;;360C;457
1;7;12;2;Y;;null;1602;;4125;458
1;7;13;2;Y;;null;1602;;305B;459
1;7;14;2;Y;;null;1602;;3405;460
1;7;15;2;Y;;null;1602;;3606;461
1;7;16;2;Y;;null;1602;;3422;462
1;7;17;2;Y;;null;1602;;310A;463
1;7;18;2;Y;;null;1602;;2FD0;464
1;7;19;2;Y;;null;1602;;341D;465
1;7;20;2;Y;;null;1602;;310C;466
1;7;21;2;Y;;null;1602;;305C;467
1;7;22;2;Y;;null;1602;;3608;468
1;7;23;2;Y;;null;1602;;3066;469
1;7;24;2;Y;;null;1602;;3067;470
1;7;25;2;Y;;null;1602;;3602;471
1;7;26;2;Y;;null;1602;;341F;472
1;7;27;2;Y;;null;1602;;305A;473
1;7;28;2;Y;;null;1602;;3603;474
1;7;29;2;Y;;null;1602;;360B;475
1;7;30;2;Y;;null;1602;;360A;476
1;7;31;2;Y;;null;1602;;342D;477
1;7;32;2;Y;;null;1602;;310D;478
1;7;33;2;Y;;null;1602;;340F;479
1;7;34;2;Y;;null;1602;;3064;480
1;7;35;2;Y;;null;1602;;340E;481
1;7;36;2;Y;;null;1602;;3065;482
1;7;37;2;Y;;null;1602;;3478;483
1;7;38;2;Y;;null;1602;;2F8F;484
1;7;39;2;Y;;null;1603;;4002;485
1;7;40;2;Y;;null;1604;;402B;486
1;7;41;2;Y;;null;1605;;402C;487
1;8;0;1;N;;null;1680;;;488
1;8;1;2;Y;;null;1680;;3409;489
1;8;2;2;Y;;null;1680;;3609;490
1;8;3;2;Y;;null;1680;;2F95;491
1;8;4;2;Y;;null;1680;;3046;492
1;8;5;2;Y;;null;1680;;3057;493
1;8;6;2;Y;;null;1680;;3430;494
1;8;7;2;Y;;null;1680;;3604;495
1;8;8;2;Y;;null;1680;;8008;496
1;8;9;2;Y;;null;1680;;3058;497
1;8;10;2;Y;;null;1680;;3068;498
1;8;11;2;Y;;null;1680;;3069;499
1;8;12;2;Y;;null;1680;;340D;500
1;8;13;2;Y;;null;1680;;3056;501
1;8;14;2;Y;;null;1680;;2FCB;502
1;8;15;2;Y;;null;1680;;3489;503
1;8;16;2;Y;;null;1680;;3059;504
2;0;0;0;N;;null;;;;505
2;1;0;1;N;;null;;;;506
2;2;0;1;N;;null;2084;;;507
2;2;0;1;N;;null;;;;507
2;2;0;1;N;;null;2088;;;507
2;2;0;1;N;;null;2082;;;507
2;2;0;1;N;;null;2089;;;507
2;2;0;1;N;;null;2090;;;507
2;2;0;1;N;;null;2091;;;507
2;2;0;1;N;;null;2086;;;507
2;2;0;1;N;;null;2085;;;507
2;2;0;1;N;;null;2087;;;507
2;2;0;1;N;;null;2080;;;507
2;2;0;1;N;;null;2083;;;507
2;2;1;2;Y;;null;2080;;2219;508
2;2;2;2;Y;;null;2080;;2F3B;509
2;2;3;2;Y;;null;2080;;2F40;510
2;2;4;2;Y;;null;2080;;2F65;511
2;2;5;2;Y;;null;2080;;2222;512
2;2;6;2;Y;;null;2080;;411E;513
2;2;7;2;Y;;null;2080;;2F08;514
2;2;8;2;Y;;null;2080;;2F66;515
2;2;9;2;Y;;null;2080;;2F39;516
2;2;10;2;Y;;null;2080;;2FC2;517
2;2;11;2;Y;;null;2080;;2F3A;518
2;2;12;2;Y;;null;2080;;2F09;519
2;2;13;2;Y;;null;2080;;2F12;520
2;2;14;2;Y;;null;2080;;221C;521
2;2;15;2;Y;;null;2080;;2F3F;522
2;2;16;2;Y;;null;2080;;2F17;523
2;2;17;2;Y;;null;2080;;2F37;524
2;2;18;2;Y;;null;2080;;2FC0;525
2;2;19;2;Y;;null;2080;;2F41;526
2;2;20;2;Y;;null;2082;;2225;527
2;2;21;2;Y;;null;2083;;2226;528
2;2;22;2;Y;;null;2084;;2227;529
2;2;23;2;Y;;null;2085;;2228;530
2;2;24;2;Y;;null;2086;;2229;531
2;2;25;2;Y;;null;2087;;222A;532
2;2;26;2;Y;;null;2088;;222B;533
2;2;27;2;Y;;null;2089;;222C;534
2;2;28;2;Y;;null;2090;;2200;535
2;2;29;2;Y;;null;2091;;412E;536
2;3;0;1;N;;null;;;;537
2;3;0;1;N;;null;2203;;;537
2;3;0;1;N;;null;2200;;;537
2;3;1;2;Y;;null;2200;;2F58;538
2;3;2;2;Y;;null;2200;;2F2E;539
2;3;3;2;Y;;null;2200;;2F54;540
2;3;4;2;Y;;null;2200;;2F34;541
2;3;5;2;Y;;null;2200;;2F4E;542
2;3;6;2;Y;;null;2200;;2F43;543
2;3;7;2;Y;;null;2200;;2F32;544
2;3;8;2;Y;;null;2200;;2F2F;545
2;3;9;2;Y;;null;2200;;2F5C;546
2;3;10;2;Y;;null;2200;;2F31;547
2;3;11;2;Y;;null;2200;;221B;548
2;3;12;2;Y;;null;2200;;2F1F;549
2;3;13;2;Y;;null;2200;;2F5D;550
2;3;14;2;Y;;null;2200;;2F69;551
2;3;15;2;Y;;null;2200;;2F47;552
2;3;16;2;Y;;null;2200;;2F27;553
2;3;17;2;Y;;null;2200;;2F61;554
2;3;18;2;Y;;null;2200;;2F64;555
2;3;19;2;Y;;null;2200;;2F36;556
2;3;20;2;Y;;null;2200;;2F1E;557
2;3;21;2;Y;;null;2200;;2F1D;558
2;3;22;2;Y;;null;2200;;2F2B;559
2;3;23;2;Y;;null;2200;;2F15;560
2;3;24;2;Y;;null;2200;;34CE;561
2;3;25;2;Y;;null;2200;;2F21;562
2;3;26;2;Y;;null;2200;;2F25;563
2;3;27;2;Y;;null;2200;;220E;564
2;3;28;2;Y;;null;2200;;2F20;565
2;3;29;2;Y;;null;2200;;2F29;566
2;3;30;2;Y;;null;2200;;2F26;567
2;3;31;2;Y;;null;2200;;2F57;568
2;3;32;2;Y;;null;2200;;2F23;569
2;3;33;2;Y;;null;2200;;2F4D;570
2;3;34;2;Y;;null;2200;;2F5E;571
2;3;35;2;Y;;null;2200;;2F3C;572
2;3;36;2;Y;;null;2200;;2F4B;573
2;3;37;2;Y;;null;2200;;2F3D;574
2;3;38;2;Y;;null;2200;;2F62;575
2;3;39;2;Y;;null;2200;;2F2A;576
2;3;40;2;Y;;null;2200;;2F28;577
2;3;41;2;Y;;null;2200;;2F55;578
2;3;42;2;Y;;null;2200;;2F59;579
2;3;43;2;Y;;null;2200;;2F2C;580
2;3;44;2;Y;;null;2200;;2F18;581
2;3;45;2;Y;;null;2200;;2F63;582
2;3;46;2;Y;;null;2200;;2F13;583
2;3;47;2;Y;;null;2200;;2201;584
2;3;48;2;Y;;null;2200;;2F66;585
2;3;49;2;Y;;null;2200;;2F53;586
2;3;50;2;Y;;null;2200;;2F22;587
2;3;51;2;Y;;null;2200;;2F4F;588
2;3;52;2;Y;;null;2200;;2F5F;589
2;3;53;2;Y;;null;2200;;2F4C;590
2;3;54;2;Y;;null;2200;;2F30;591
2;3;55;2;Y;;null;2200;;2F52;592
2;3;56;2;Y;;null;2200;;2F6B;593
2;3;57;2;Y;;null;2200;;2F24;594
2;3;58;2;Y;;null;2200;;2F1A;595
2;3;59;2;Y;;null;2200;;2F2D;596
2;3;60;2;Y;;null;2200;;2F51;597
2;3;61;2;Y;;null;2200;;2F48;598
2;3;62;2;Y;;null;2200;;2F5A;599
2;3;63;2;Y;;null;2200;;2F35;600
2;3;64;2;Y;;null;2200;;2F05;601
2;3;65;2;Y;;null;2200;;2F14;602
2;3;66;2;Y;;null;2200;;2F56;603
2;3;67;2;Y;;null;2200;;2F33;604
2;3;68;2;Y;;null;2200;;2F50;605
2;3;69;2;Y;;null;2200;;2F1C;606
2;3;70;2;Y;;null;2200;;2F5B;607
2;3;71;2;Y;;null;2200;;2216;608
2;4;0;1;N;;null;;;;609
2;4;0;1;N;;null;2120;;;609
2;4;0;1;N;;null;2118;;;609
2;4;0;1;N;;null;2124;;;609
2;4;0;1;N;;null;2126;;;609
2;4;0;1;N;;null;2123;;;609
2;4;0;1;N;;null;2127;;;609
2;4;0;1;N;;null;2117;;;609
2;4;0;1;N;;null;2128;;;609
2;4;0;1;N;;null;2122;;;609
2;4;0;1;N;;null;2101;;;609
2;4;0;1;N;;null;2100;;;609
2;4;0;1;N;;null;2116;;;609
2;4;0;1;N;;null;2111;;;609
2;4;0;1;N;;null;2129;;;609
2;4;0;1;N;;null;2130;;;609
2;4;0;1;N;;null;2102;;;609
2;4;0;1;N;;null;2125;;;609
2;4;0;1;N;;null;2106;;;609
2;4;0;1;N;;null;2131;;;609
2;4;0;1;N;;null;2133;;;609
2;4;0;1;N;;null;2132;;;609
2;4;1;2;Y;;null;2126;;2233;610
2;4;2;2;Y;;null;2127;;2234;611
2;4;3;2;Y;;null;2128;;9001;612
2;4;4;2;Y;;null;2129;;2235;613
2;4;5;2;Y;;null;2130;;2222;614
2;4;6;2;Y;;null;2131;;2219;615
2;4;7;2;Y;;null;2132;;221A;616
2;4;8;2;Y;;null;2133;;223A;617
2;4;9;2;Y;;null;2100;;2F6C;618
2;4;10;2;Y;;null;2100;;2F42;619
2;4;11;2;Y;;null;2100;;2F70;620
2;4;12;2;Y;;null;2100;;2F3F;621
2;4;13;2;Y;;null;2100;;2F71;622
2;4;14;2;Y;;null;2100;;2F38;623
2;4;15;2;Y;;null;2100;;2F65;624
2;4;16;2;Y;;null;2100;;2F4A;625
2;4;17;2;Y;;null;2100;;2FC3;626
2;4;18;2;Y;;null;2100;;221C;627
2;4;19;2;Y;;null;2100;;411E;628
2;4;20;2;Y;;null;2100;;2F06;629
2;4;21;2;Y;;null;2100;;2F17;630
2;4;22;2;Y;;null;2100;;2F67;631
2;4;23;2;Y;;null;2100;;2F45;632
2;4;24;2;Y;;null;2100;;2214;633
2;4;25;2;Y;;null;2100;;2F4D;634
2;4;26;2;Y;;null;2100;;221D;635
2;4;27;2;Y;;null;2100;;2F1B;636
2;4;28;2;Y;;null;2100;;2F6F;637
2;4;29;2;Y;;null;2100;;2F03;638
2;4;30;2;Y;;null;2100;;2217;639
2;4;31;2;Y;;null;2100;;2F6B;640
2;4;32;2;Y;;null;2100;;2221;641
2;4;33;2;Y;;null;2100;;221E;642
2;4;34;2;Y;;null;2100;;2F12;643
2;4;35;2;Y;;null;2100;;2F16;644
2;4;36;2;Y;;null;2100;;2F66;645
2;4;37;2;Y;;null;2100;;2F47;646
2;4;38;2;Y;;null;2100;;2219;647
2;4;39;2;Y;;null;2100;;2F07;648
2;4;40;2;Y;;null;2100;;2F04;649
2;4;41;2;Y;;null;2100;;2F41;650
2;4;42;2;Y;;null;2100;;2F6D;651
2;4;43;2;Y;;null;2100;;2F69;652
2;4;44;2;Y;;null;2100;;2F20;653
2;4;45;2;Y;;null;2100;;2F6A;654
2;4;46;2;Y;;null;2100;;2F46;655
2;4;47;2;Y;;null;2100;;2F4B;656
2;4;48;2;Y;;null;2100;;2FC2;657
2;4;49;2;Y;;null;2100;;2212;658
2;4;50;2;Y;;null;2100;;2F49;659
2;4;51;2;Y;;null;2100;;2FBF;660
2;4;52;2;Y;;null;2100;;2F4F;661
2;4;53;2;Y;;null;2100;;348C;662
2;4;54;2;Y;;null;2100;;2F68;663
2;4;55;2;Y;;null;2100;;2F10;664
2;4;56;2;Y;;null;2100;;2F6E;665
2;4;57;2;Y;;null;2100;;2F79;666
2;4;58;2;Y;;null;2100;;2F43;667
2;4;59;2;Y;;null;2100;;2F36;668
2;4;60;2;Y;;null;2100;;2F60;669
2;4;61;2;Y;;null;2100;;2F05;670
2;4;62;2;Y;;null;2100;;2F37;671
2;4;63;2;Y;;null;2100;;2220;672
2;4;64;2;Y;;null;2100;;2F18;673
2;4;65;2;Y;;null;2100;;2F44;674
2;4;66;2;Y;;null;2100;;2F57;675
2;4;67;2;Y;;null;2100;;2222;676
2;4;68;2;Y;;null;2101;;222D;677
2;4;69;2;Y;;null;2102;;222E;678
2;4;70;2;Y;;null;2106;;220A;679
2;4;71;2;Y;;null;2111;;2218;680
2;4;72;2;Y;;null;2116;;2209;681
2;4;73;2;Y;;null;2117;;2F11;682
2;4;74;2;Y;;null;2118;;222F;683
2;4;75;2;Y;;null;2120;;2215;684
2;4;76;2;Y;;null;2122;;2F12;685
2;4;77;2;Y;;null;2123;;2230;686
2;4;78;2;Y;;null;2124;;2231;687
2;4;79;2;Y;;null;2125;;2232;688
2;5;0;1;N;;null;2302;;;689
2;5;0;1;N;;null;2301;;;689
2;5;0;1;N;;null;2303;;;689
2;5;0;1;N;;null;;;;689
2;5;0;1;N;;null;2300;;;689
2;5;1;2;Y;;null;2300;;2302;690
2;5;2;2;Y;;null;2300;;2306;691
2;5;3;2;Y;;null;2300;;2300;692
2;5;4;2;Y;;null;2300;;2FBB;693
2;5;5;2;Y;;null;2300;;411E;694
2;5;6;2;Y;;null;2300;;230B;695
2;5;7;2;Y;;null;2300;;2FC6;696
2;5;8;2;Y;;null;2300;;2307;697
2;5;9;2;Y;;null;2301;;2303;698
2;5;10;2;Y;;null;2302;;2304;699
2;5;11;2;Y;;null;2303;;2305;700
2;6;0;1;N;;null;2380;;;701
2;6;1;2;Y;;null;2380;;2263;702
2;6;2;2;Y;;null;2380;;34A6;703
2;6;3;2;Y;;null;2380;;2256;704
2;6;4;2;Y;;null;2380;;2FA9;705
2;6;5;2;Y;;null;2380;;3482;706
2;6;6;2;Y;;null;2380;;34CF;707
2;6;7;2;Y;;null;2380;;3492;708
2;6;8;2;Y;;null;2380;;2FC4;709
2;6;9;2;Y;;null;2380;;34A8;710
2;6;10;2;Y;;null;2380;;34A2;711
2;6;11;2;Y;;null;2380;;2267;712
2;6;12;2;Y;;null;2380;;2FBE;713
2;6;13;2;Y;;null;2380;;34A9;714
2;6;14;2;Y;;null;2380;;2255;715
2;6;15;2;Y;;null;2380;;2268;716
2;6;16;2;Y;;null;2380;;2211;717
2;6;17;2;Y;;null;2380;;3488;718
2;6;18;2;Y;;null;2380;;2277;719
2;6;19;2;Y;;null;2380;;224D;720
2;6;20;2;Y;;null;2380;;3498;721
2;6;21;2;Y;;null;2380;;3487;722
2;6;22;2;Y;;null;2380;;34AA;723
2;6;23;2;Y;;null;2380;;34BF;724
2;6;24;2;Y;;null;2380;;349F;725
2;6;25;2;Y;;null;2380;;34B0;726
2;6;26;2;Y;;null;2380;;34D0;727
2;6;27;2;Y;;null;2380;;3493;728
2;6;28;2;Y;;null;2380;;224E;729
2;6;29;2;Y;;null;2380;;2201;730
2;6;30;2;Y;;null;2380;;2251;731
2;6;31;2;Y;;null;2380;;2253;732
2;6;32;2;Y;;null;2380;;34A3;733
2;6;33;2;Y;;null;2380;;3495;734
2;6;34;2;Y;;null;2380;;3499;735
2;6;35;2;Y;;null;2380;;2269;736
2;6;36;2;Y;;null;2380;;349E;737
2;6;37;2;Y;;null;2380;;2254;738
2;6;38;2;Y;;null;2380;;226B;739
2;6;39;2;Y;;null;2380;;225F;740
2;6;40;2;Y;;null;2380;;227A;741
2;6;41;2;Y;;null;2380;;34AE;742
2;6;42;2;Y;;null;2380;;3497;743
2;6;43;2;Y;;null;2380;;34A4;744
2;6;44;2;Y;;null;2380;;34AB;745
2;6;45;2;Y;;null;2380;;348A;746
2;6;46;2;Y;;null;2380;;34A0;747
2;6;47;2;Y;;null;2380;;2261;748
2;6;48;2;Y;;null;2380;;3494;749
2;6;49;2;Y;;null;2380;;3480;750
2;6;50;2;Y;;null;2380;;34CD;751
2;6;51;2;Y;;null;2380;;224F;752
2;6;52;2;Y;;null;2380;;2252;753
2;6;53;2;Y;;null;2380;;349D;754
2;6;54;2;Y;;null;2380;;34A7;755
2;6;55;2;Y;;null;2380;;3496;756
2;6;56;2;Y;;null;2380;;349C;757
2;6;57;2;Y;;null;2380;;2278;758
2;6;58;2;Y;;null;2380;;2265;759
2;6;59;2;Y;;null;2380;;34A5;760
2;6;60;2;Y;;null;2380;;34AC;761
2;6;61;2;Y;;null;2380;;34BD;762
2;6;62;2;Y;;null;2380;;34A1;763
2;6;63;2;Y;;null;2380;;349A;764
2;6;64;2;Y;;null;2380;;349B;765
2;7;0;1;N;;null;2400;;;766
2;7;1;2;Y;;null;2400;;34CF;767
2;7;2;2;Y;;null;2400;;2400;768
2;7;3;2;Y;;null;2400;;3480;769
2;8;0;1;N;;null;2500;;;770
2;8;1;2;Y;;null;2500;;3368;771
2;8;2;2;Y;;null;2500;;220B;772
2;8;3;2;Y;;null;2500;;342E;773
2;8;4;2;Y;;null;2500;;340B;774
2;8;5;2;Y;;null;2500;;3600;775
2;8;6;2;Y;;null;2500;;340C;776
2;8;7;2;Y;;null;2500;;2208;777
2;9;0;1;N;;null;2580;;;778
2;9;1;2;Y;;null;2580;;2484;779
2;9;2;2;Y;;null;2580;;340E;780
2;9;3;2;Y;;null;2580;;2481;781
2;9;4;2;Y;;null;2580;;2206;782
2;9;5;2;Y;;null;2580;;2486;783
2;9;6;2;Y;;null;2580;;248E;784
2;9;7;2;Y;;null;2580;;3132;785
2;9;8;2;Y;;null;2580;;342D;786
2;9;9;2;Y;;null;2580;;248B;787
2;9;10;2;Y;;null;2580;;2482;788
2;9;11;2;Y;;null;2580;;248D;789
2;9;12;2;Y;;null;2580;;248A;790
2;9;13;2;Y;;null;2580;;2483;791
2;9;14;2;Y;;null;2580;;2FF2;792
2;9;15;2;Y;;null;2580;;2502;793
2;9;16;2;Y;;null;2580;;2207;794
2;9;17;2;Y;;null;2580;;2485;795
2;9;18;2;Y;;null;2580;;248C;796
2;9;19;2;Y;;null;2580;;2487;797
2;9;20;2;Y;;null;2580;;2503;798
2;9;21;2;Y;;null;2580;;3427;799
2;9;22;2;Y;;null;2580;;411D;800
2;9;23;2;Y;;null;2580;;2489;801
2;9;24;2;Y;;null;2580;;2488;802
2;10;0;1;N;;null;2600;;;803
2;11;0;1;N;;null;2680;;;804
2;12;0;1;N;;null;2700;;;805
2;12;0;1;N;;null;2701;;;805
2;12;0;1;N;;null;;;;805
2;12;1;2;Y;;null;2700;;34B1;806
2;13;0;1;N;;null;2800;;;807
2;13;0;1;N;;null;2801;;;807
2;13;0;1;N;;null;;;;807
2;13;1;2;Y;;null;2800;;2F85;808
2;13;2;2;Y;;null;2800;;2F82;809
2;13;3;2;Y;;null;2800;;2F80;810
2;13;4;2;Y;;null;2800;;2F7B;811
2;13;5;2;Y;;null;2800;;2F7D;812
2;13;6;2;Y;;null;2800;;2F81;813
2;13;7;2;Y;;null;2800;;4075;814
2;13;8;2;Y;;null;2800;;2F7E;815
2;13;9;2;Y;;null;2800;;2210;816
2;13;10;2;Y;;null;2800;;2F72;817
2;13;11;2;Y;;null;2800;;2FAF;818
2;13;12;2;Y;;null;2800;;2F75;819
2;13;13;2;Y;;null;2800;;2F7A;820
2;13;14;2;Y;;null;2800;;2F83;821
2;13;15;2;Y;;null;2800;;2F7F;822
2;13;16;2;Y;;null;2800;;2F84;823
2;13;17;2;Y;;null;2800;;2F7C;824
2;14;0;1;N;;null;2980;;;825
2;14;1;2;Y;;null;2980;;348F;826
2;14;2;2;Y;;null;2980;;227B;827
2;14;3;2;Y;;null;2980;;230C;828
2;14;4;2;Y;;null;2980;;34BB;829
2;14;5;2;Y;;null;2980;;34BA;830
2;14;6;2;Y;;null;2980;;2260;831
2;14;7;2;Y;;null;2980;;2265;832
2;14;8;2;Y;;null;2980;;34BE;833
2;14;9;2;Y;;null;2980;;34AA;834
2;14;10;2;Y;;null;2980;;220C;835
2;14;11;2;Y;;null;2980;;2202;836
2;14;12;2;Y;;null;2980;;3490;837
2;14;13;2;Y;;null;2980;;227C;838
2;14;14;2;Y;;null;2980;;220F;839
2;14;15;2;Y;;null;2980;;2268;840
2;14;16;2;Y;;null;2980;;2261;841
2;14;17;2;Y;;null;2980;;2240;842
2;14;18;2;Y;;null;2980;;2277;843
2;14;19;2;Y;;null;2980;;34C1;844
2;14;20;2;Y;;null;2980;;2FBA;845
2;14;21;2;Y;;null;2980;;34BC;846
2;14;22;2;Y;;null;2980;;225C;847
2;15;0;1;N;;null;2A00;;;848
2;15;1;2;Y;;null;2A00;;34B5;849
2;15;2;2;Y;;null;2A00;;226D;850
2;15;3;2;Y;;null;2A00;;226A;851
2;15;4;2;Y;;null;2A00;;2261;852
2;15;5;2;Y;;null;2A00;;226B;853
2;15;6;2;Y;;null;2A00;;34B2;854
2;15;7;2;Y;;null;2A00;;225A;855
2;15;8;2;Y;;null;2A00;;225C;856
2;15;9;2;Y;;null;2A00;;2269;857
2;15;10;2;Y;;null;2A00;;2264;858
2;15;11;2;Y;;null;2A00;;348E;859
2;15;12;2;Y;;null;2A00;;2272;860
2;15;13;2;Y;;null;2A00;;2271;861
2;15;14;2;Y;;null;2A00;;225D;862
2;15;15;2;Y;;null;2A00;;226C;863
2;15;16;2;Y;;null;2A00;;225B;864
2;15;17;2;Y;;null;2A00;;2259;865
2;15;18;2;Y;;null;2A00;;226E;866
2;15;19;2;Y;;null;2A00;;225E;867
2;15;20;2;Y;;null;2A00;;34AA;868
2;15;21;2;Y;;null;2A00;;2258;869
2;15;22;2;Y;;null;2A00;;2241;870
2;15;23;2;Y;;null;2A00;;2266;871
2;15;24;2;Y;;null;2A00;;34B6;872
2;15;25;2;Y;;null;2A00;;34B7;873
2;15;26;2;Y;;null;2A00;;34B8;874
2;15;27;2;Y;;null;2A00;;2268;875
2;15;28;2;Y;;null;2A00;;2257;876
2;15;29;2;Y;;null;2A00;;34BA;877
2;15;30;2;Y;;null;2A00;;2262;878
2;15;31;2;Y;;null;2A00;;2260;879
2;15;32;2;Y;;null;2A00;;2270;880
2;15;33;2;Y;;null;2A00;;2265;881
2;15;34;2;Y;;null;2A00;;226F;882
2;16;0;1;N;;null;2A80;;;883
2;16;1;2;Y;;null;2A80;;2272;884
2;16;2;2;Y;;null;2A80;;2274;885
2;16;3;2;Y;;null;2A80;;34AF;886
2;16;4;2;Y;;null;2A80;;2FB9;887
2;16;5;2;Y;;null;2A80;;2276;888
2;16;6;2;Y;;null;2A80;;2242;889
2;16;7;2;Y;;null;2A80;;2205;890
2;17;0;1;N;;null;2B00;;;891
2;18;0;1;N;;null;2B01;;;892
2;19;0;1;N;;null;2B80;;;893
2;19;0;1;N;;null;2B82;;;893
2;19;0;1;N;;null;F001;;;893
2;19;0;1;N;;null;;;;893
2;19;0;1;N;;null;F002;;;893
2;19;0;1;N;;null;2B81;;;893
2;19;1;2;Y;;null;2B80;;2243;894
2;19;2;2;Y;;null;2B81;;2236;895
2;19;3;2;Y;;null;2B82;;2237;896
2;19;4;2;Y;;null;F001;;2250;897
2;19;5;2;Y;;null;F001;;2243;898
2;19;6;2;Y;;null;F002;;2237;899
2;20;0;1;N;;null;;;;900
2;20;0;1;N;;null;2C02;;;900
2;20;0;1;N;;null;2C01;;;900
2;20;0;1;N;;null;2C04;;;900
2;20;0;1;N;;null;2C00;;;900
2;20;1;2;Y;;null;2C04;;8009;901
2;20;2;2;Y;;null;2C00;;2F78;902
2;20;3;2;Y;;null;2C00;;2224;903
2;20;4;2;Y;;null;2C00;;8009;904
2;20;5;2;Y;;null;2C00;;2F77;905
2;20;6;2;Y;;null;2C00;;2FA7;906
2;20;7;2;Y;;null;2C01;;2224;907
2;20;8;2;Y;;null;2C01;;2F36;908
2;20;9;2;Y;;null;2C01;;8009;909
2;20;10;2;Y;;null;2C01;;2F78;910
2;20;11;2;Y;;null;2C01;;2F77;911
2;20;12;2;Y;;null;2C01;;800B;912
2;20;13;2;Y;;null;2C02;;2224;913
2;20;14;2;Y;;null;2C02;;2F78;914
2;20;15;2;Y;;null;2C02;;8009;915
2;20;16;2;Y;;null;2C02;;224C;916
2;20;17;2;Y;;null;2C04;;2F36;917
2;20;18;2;Y;;null;2C04;;2224;918
2;20;19;2;Y;;null;2C04;;2F78;919
2;20;20;2;Y;;null;2C04;;800A;920
2;20;21;2;Y;;null;2C04;;2F77;921
2;20;22;2;Y;;null;2C04;;2FA7;922
2;21;0;1;N;;null;2C80;;;923
2;21;1;2;Y;;null;2C80;;230E;924
2;21;2;2;Y;;null;2C80;;3484;925
2;21;3;2;Y;;null;2C80;;2F74;926
2;21;4;2;Y;;null;2C80;;230D;927
2;21;5;2;Y;;null;2C80;;3486;928
2;21;6;2;Y;;null;2C80;;2201;929
2;21;7;2;Y;;null;2C80;;230F;930
2;22;0;1;N;;null;;2E80;;931
2;23;0;1;N;;null;2F00;;;932
2;23;1;2;Y;;null;2F00;;2300;933
2;23;2;2;Y;;null;2F00;;2302;934
2;23;3;2;Y;;null;2F00;;2FBB;935
2;23;4;2;Y;;null;2F00;;2F19;936
2;23;5;2;Y;;null;2F00;;2FCA;937
2;23;6;2;Y;;null;2F00;;2F86;938
2;24;0;1;N;;null;2F80;;;939
2;24;0;1;N;;null;;;;939
2;24;0;1;N;;null;435F;;;939
2;24;0;1;N;;null;4481;;;939
2;24;1;2;Y;;null;2F80;;2302;940
2;24;2;2;Y;;null;2F80;;2309;941
2;24;3;2;Y;;null;2F80;;2FBB;942
2;24;4;2;Y;;null;2F80;;6404;943
2;24;5;2;Y;;null;2F80;;2F02;944
2;24;6;2;Y;;null;2F80;;2239;945
2;24;7;2;Y;;null;2F80;;34D1;946
2;24;8;2;Y;;null;2F80;;2F00;947
2;24;9;2;Y;;null;2F80;;2FCA;948
2;24;10;2;Y;;null;2F80;;2238;949
2;24;11;2;Y;;null;4481;;403A;950
2;24;12;2;Y;;null;435F;;403A;951
3;0;0;0;N;;null;;;;952
3;1;0;1;N;;null;;;;953
3;2;0;1;N;;null;44C4、4341;;;954
3;3;0;1;N;;null;4489;;;955
3;3;1;2;Y;;null;4489;;404B;956
3;4;0;1;N;;null;;;;957
3;5;0;1;N;;null;;;;958
3;6;0;1;N;;null;4302;;;959
3;6;1;2;Y;;null;4302;;404A;960
3;7;0;1;N;;null;4280;;;961
3;7;1;2;Y;;null;4280;;8005;962
3;7;2;2;Y;;null;4280;;3000;963
3;7;3;2;Y;;null;4280;;8006;964
3;7;4;2;Y;;null;4280;;8003;965
3;7;5;2;Y;;null;4280;;400D;966
3;7;6;2;Y;;null;4280;;8007;967
3;7;7;2;Y;;null;4280;;2FC1;968
3;7;8;2;Y;;null;4280;;2FAA;969
3;7;9;2;Y;;null;4280;;8004;970
3;8;0;1;N;;null;4083;;;971
3;8;0;1;N;;null;4082;;;971
3;8;0;1;N;;null;4094;;;971
3;8;0;1;N;;null;4080;;;971
3;8;0;1;N;;null;4087;;;971
3;8;0;1;N;;null;4095;;;971
3;8;0;1;N;;null;4096;;;971
3;8;0;1;N;;null;4081;;;971
3;8;0;1;N;;null;4098;;;971
3;8;0;1;N;;null;4086;;;971
3;8;1;2;Y;;null;4083;;2009;972
3;8;2;2;Y;;null;4082;;2002;973
3;8;3;2;Y;;null;4087;;2004;974
3;8;4;2;Y;;null;4094;;2005;975
3;8;5;2;Y;;null;4095;;2006;976
3;8;6;2;Y;;null;4096;;2007;977
3;8;7;2;Y;;null;4081;;2001;978
3;8;8;2;Y;;null;4086;;2003;979
3;9;0;1;N;;null;;4101;;980
3;9;1;2;Y;;null;;4101;2FB4;981
3;9;2;2;Y;;null;;4101;2F01;982
3;9;3;2;Y;;null;;4101;2FAD;983
3;10;0;1;N;;null;;;;984
3;11;0;1;N;;null;4600;;;985
4;0;0;0;N;;null;;;;986
4;1;0;1;N;;null;;;;987
4;2;0;1;N;;null;;;;988
4;3;0;1;N;;null;;;;989
4;3;0;1;N;;null;5080;;;989
4;3;0;1;N;;null;5082;;;989
4;3;0;1;N;;null;5083;;;989
4;3;0;1;N;;null;5085;;;989
4;3;0;1;N;;null;5084;;;989
4;3;1;2;Y;;null;5083;;4107;990
4;3;2;2;Y;;null;5083;;1024;991
4;3;3;2;Y;;null;5083;;10DE;992
4;3;4;2;Y;;null;5083;;330D;993
4;3;5;2;Y;;null;5083;;1010;994
4;3;6;2;Y;;null;5083;;1006;995
4;3;7;2;Y;;null;5083;;4087;996
4;3;8;2;Y;;null;5083;;1011;997
4;3;9;2;Y;;null;5083;;1008;998
4;3;10;2;Y;;null;5083;;1032;999
4;3;11;2;Y;;null;5083;;10A8;1000
4;3;12;2;Y;;null;5083;;10CE;1001
4;3;13;2;Y;;null;5083;;106A;1002
4;3;14;2;Y;;null;5083;;10CD;1003
4;3;15;2;Y;;null;5083;;103B;1004
4;3;16;2;Y;;null;5083;;1034;1005
4;3;17;2;Y;;null;5083;;4062;1006
4;3;18;2;Y;;null;5083;;10B4;1007
4;3;19;2;Y;;null;5083;;4070;1008
4;3;20;2;Y;;null;5083;;1096;1009
4;3;21;2;Y;;null;5083;;1087;1010
4;3;22;2;Y;;null;5083;;10DC;1011
4;3;23;2;Y;;null;5083;;10A9;1012
4;3;24;2;Y;;null;5083;;10DF;1013
4;3;25;2;Y;;null;5083;;1028;1014
4;3;26;2;Y;;null;5083;;1009;1015
4;3;27;2;Y;;null;5083;;10A7;1016
4;3;28;2;Y;;null;5083;;105D;1017
4;3;29;2;Y;;null;5083;;411A;1018
4;3;30;2;Y;;null;5083;;104A;1019
4;3;31;2;Y;;null;5083;;10BA;1020
4;3;32;2;Y;;null;5083;;406F;1021
4;3;33;2;Y;;null;5083;;1075;1022
4;3;34;2;Y;;null;5083;;405C;1023
4;3;35;2;Y;;null;5083;;1005;1024
4;3;36;2;Y;;null;5083;;100A;1025
4;3;37;2;Y;;null;5083;;107A;1026
4;3;38;2;Y;;null;5083;;10E6;1027
4;3;39;2;Y;;null;5083;;1014;1028
4;3;40;2;Y;;null;5083;;1036;1029
4;3;41;2;Y;;null;5083;;1016;1030
4;3;42;2;Y;;null;5083;;4116;1031
4;3;43;2;Y;;null;5083;;410E;1032
4;3;44;2;Y;;null;5083;;410D;1033
4;3;45;2;Y;;null;5083;;1099;1034
4;3;46;2;Y;;null;5083;;1015;1035
4;3;47;2;Y;;null;5083;;1094;1036
4;3;48;2;Y;;null;5083;;1031;1037
4;3;49;2;Y;;null;5083;;106C;1038
4;3;50;2;Y;;null;5083;;406E;1039
4;3;51;2;Y;;null;5083;;101B;1040
4;3;52;2;Y;;null;5083;;411C;1041
4;3;53;2;Y;;null;5083;;10E1;1042
4;3;54;2;Y;;null;5083;;10AB;1043
4;3;55;2;Y;;null;5083;;10D4;1044
4;3;56;2;Y;;null;5083;;1088;1045
4;3;57;2;Y;;null;5083;;107D;1046
4;3;58;2;Y;;null;5083;;405E;1047
4;3;59;2;Y;;null;5083;;1027;1048
4;3;60;2;Y;;null;5083;;101D;1049
4;3;61;2;Y;;null;5084;;4111;1050
4;3;62;2;Y;;null;5084;;1075;1051
4;3;63;2;Y;;null;5084;;10DC;1052
4;3;64;2;Y;;null;5084;;4107;1053
4;3;65;2;Y;;null;5084;;3324;1054
4;3;66;2;Y;;null;5084;;408E;1055
4;3;67;2;Y;;null;5084;;1028;1056
4;3;68;2;Y;;null;5084;;1087;1057
4;3;69;2;Y;;null;5084;;4101;1058
4;3;70;2;Y;;null;5084;;10CD;1059
4;3;71;2;Y;;null;5084;;330B;1060
4;3;72;2;Y;;null;5084;;10C4;1061
4;3;73;2;Y;;null;5084;;103B;1062
4;3;74;2;Y;;null;5084;;406D;1063
4;3;75;2;Y;;null;5084;;104F;1064
4;3;76;2;Y;;null;5084;;1015;1065
4;3;77;2;Y;;null;5084;;1014;1066
4;3;78;2;Y;;null;5084;;4112;1067
4;3;79;2;Y;;null;5084;;1058;1068
4;3;80;2;Y;;null;5084;;4100;1069
4;3;81;2;Y;;null;5084;;4118;1070
4;3;82;2;Y;;null;5084;;10C9;1071
4;3;83;2;Y;;null;5084;;10CF;1072
4;3;84;2;Y;;null;5084;;10D7;1073
4;3;85;2;Y;;null;5084;;10CB;1074
4;3;86;2;Y;;null;5084;;101B;1075
4;3;87;2;Y;;null;5084;;10E7;1076
4;3;88;2;Y;;null;5084;;1056;1077
4;3;89;2;Y;;null;5084;;10BA;1078
4;3;90;2;Y;;null;5084;;1009;1079
4;3;91;2;Y;;null;5084;;406C;1080
4;3;92;2;Y;;null;5084;;407A;1081
4;3;93;2;Y;;null;5084;;105D;1082
4;3;94;2;Y;;null;5084;;1099;1083
4;3;95;2;Y;;null;5084;;1094;1084
4;3;96;2;Y;;null;5084;;10DF;1085
4;3;97;2;Y;;null;5084;;1007;1086
4;3;98;2;Y;;null;5084;;10DB;1087
4;3;99;2;Y;;null;5084;;10C7;1088
4;3;100;2;Y;;null;5084;;100D;1089
4;3;101;2;Y;;null;5084;;10A1;1090
4;3;102;2;Y;;null;5084;;10CE;1091
4;3;103;2;Y;;null;5084;;10A9;1092
4;3;104;2;Y;;null;5084;;4116;1093
4;3;105;2;Y;;null;5084;;1059;1094
4;3;106;2;Y;;null;5084;;1005;1095
4;3;107;2;Y;;null;5084;;100A;1096
4;3;108;2;Y;;null;5084;;1026;1097
4;3;109;2;Y;;null;5084;;1031;1098
4;3;110;2;Y;;null;5084;;405C;1099
4;3;111;2;Y;;null;5084;;405D;1100
4;3;112;2;Y;;null;5084;;109B;1101
4;3;113;2;Y;;null;5084;;408A;1102
4;3;114;2;Y;;null;5084;;1051;1103
4;3;115;2;Y;;null;5084;;10E3;1104
4;3;116;2;Y;;null;5084;;405A;1105
4;3;117;2;Y;;null;5084;;10B2;1106
4;3;118;2;Y;;null;5084;;100F;1107
4;3;119;2;Y;;null;5084;;1079;1108
4;3;120;2;Y;;null;5084;;101D;1109
4;3;121;2;Y;;null;5084;;1096;1110
4;3;122;2;Y;;null;5084;;105A;1111
4;3;123;2;Y;;null;5084;;406F;1112
4;3;124;2;Y;;null;5084;;108F;1113
4;3;125;2;Y;;null;5084;;109C;1114
4;3;126;2;Y;;null;5084;;410A;1115
4;3;127;2;Y;;null;5084;;10B3;1116
4;3;128;2;Y;;null;5084;;10C0;1117
4;3;129;2;Y;;null;5084;;1019;1118
4;3;130;2;Y;;null;5084;;346E;1119
4;3;131;2;Y;;null;5084;;3097;1120
4;3;132;2;Y;;null;5084;;1027;1121
4;3;133;2;Y;;null;5084;;411C;1122
4;3;134;2;Y;;null;5084;;109D;1123
4;3;135;2;Y;;null;5084;;4113;1124
4;3;136;2;Y;;null;5084;;10D8;1125
4;3;137;2;Y;;null;5084;;10A7;1126
4;3;138;2;Y;;null;5084;;105E;1127
4;3;139;2;Y;;null;5084;;4114;1128
4;3;140;2;Y;;null;5084;;1003;1129
4;3;141;2;Y;;null;5084;;4061;1130
4;3;142;2;Y;;null;5084;;1030;1131
4;3;143;2;Y;;null;5084;;10AB;1132
4;3;144;2;Y;;null;5084;;4074;1133
4;3;145;2;Y;;null;5084;;3408;1134
4;3;146;2;Y;;null;5084;;1002;1135
4;3;147;2;Y;;null;5084;;10C8;1136
4;3;148;2;Y;;null;5084;;4085;1137
4;3;149;2;Y;;null;5084;;1008;1138
4;3;150;2;Y;;null;5084;;101E;1139
4;3;151;2;Y;;null;5084;;1016;1140
4;3;152;2;Y;;null;5084;;3406;1141
4;3;153;2;Y;;null;5084;;4084;1142
4;3;154;2;Y;;null;5084;;1055;1143
4;3;155;2;Y;;null;5084;;10D4;1144
4;3;156;2;Y;;null;5084;;10DE;1145
4;3;157;2;Y;;null;5084;;1012;1146
4;3;158;2;Y;;null;5084;;1004;1147
4;3;159;2;Y;;null;5084;;408D;1148
4;3;160;2;Y;;null;5084;;10B6;1149
4;3;161;2;Y;;null;5084;;1010;1150
4;3;162;2;Y;;null;5084;;4059;1151
4;3;163;2;Y;;null;5084;;10D5;1152
4;3;164;2;Y;;null;5084;;3038;1153
4;3;165;2;Y;;null;5084;;10BB;1154
4;3;166;2;Y;;null;5084;;10B5;1155
4;3;167;2;Y;;null;5084;;10CA;1156
4;3;168;2;Y;;null;5084;;1006;1157
4;3;169;2;Y;;null;5084;;102F;1158
4;3;170;2;Y;;null;5084;;3472;1159
4;3;171;2;Y;;null;5084;;4109;1160
4;3;172;2;Y;;null;5084;;10DD;1161
4;3;173;2;Y;;null;5084;;1020;1162
4;3;174;2;Y;;null;5084;;4117;1163
4;3;175;2;Y;;null;5084;;1024;1164
4;3;176;2;Y;;null;5084;;4110;1165
4;3;177;2;Y;;null;5084;;1011;1166
4;3;178;2;Y;;null;5084;;1023;1167
4;3;179;2;Y;;null;5084;;1032;1168
4;3;180;2;Y;;null;5084;;1085;1169
4;3;181;2;Y;;null;5084;;103C;1170
4;3;182;2;Y;;null;5084;;10E1;1171
4;3;183;2;Y;;null;5084;;10E2;1172
4;3;184;2;Y;;null;5084;;10B1;1173
4;3;185;2;Y;;null;5084;;10C6;1174
4;3;186;2;Y;;null;5084;;1039;1175
4;3;187;2;Y;;null;5084;;1098;1176
4;3;188;2;Y;;null;5084;;4087;1177
4;3;189;2;Y;;null;5084;;1052;1178
4;3;190;2;Y;;null;5084;;106C;1179
4;3;191;2;Y;;null;5084;;405B;1180
4;3;192;2;Y;;null;5084;;407F;1181
4;3;193;2;Y;;null;5084;;407B;1182
4;3;194;2;Y;;null;5084;;107A;1183
4;3;195;2;Y;;null;5084;;411A;1184
4;3;196;2;Y;;null;5084;;4062;1185
4;3;197;2;Y;;null;5084;;1068;1186
4;3;198;2;Y;;null;5085;;102A;1187
4;3;199;2;Y;;null;5085;;10DB;1188
4;3;200;2;Y;;null;5085;;10A2;1189
4;3;201;2;Y;;null;5085;;1020;1190
4;3;202;2;Y;;null;5085;;109C;1191
4;3;203;2;Y;;null;5085;;3406;1192
4;3;204;2;Y;;null;5085;;4054;1193
4;3;205;2;Y;;null;5085;;10B2;1194
4;3;206;2;Y;;null;5085;;1002;1195
4;3;207;2;Y;;null;5085;;1010;1196
4;3;208;2;Y;;null;5085;;10CD;1197
4;3;209;2;Y;;null;5085;;406B;1198
4;3;210;2;Y;;null;5085;;4105;1199
4;3;211;2;Y;;null;5085;;4084;1200
4;3;212;2;Y;;null;5085;;410A;1201
4;3;213;2;Y;;null;5085;;100A;1202
4;3;214;2;Y;;null;5085;;10AB;1203
4;3;215;2;Y;;null;5085;;10E2;1204
4;3;216;2;Y;;null;5085;;4089;1205
4;3;217;2;Y;;null;5085;;4119;1206
4;3;218;2;Y;;null;5085;;10D8;1207
4;3;219;2;Y;;null;5085;;1011;1208
4;3;220;2;Y;;null;5085;;10B1;1209
4;3;221;2;Y;;null;5085;;1016;1210
4;3;222;2;Y;;null;5085;;10C9;1211
4;3;223;2;Y;;null;5085;;405A;1212
4;3;224;2;Y;;null;5085;;407D;1213
4;3;225;2;Y;;null;5085;;405B;1214
4;3;226;2;Y;;null;5085;;102C;1215
4;3;227;2;Y;;null;5085;;1033;1216
4;3;228;2;Y;;null;5085;;100F;1217
4;3;229;2;Y;;null;5085;;1057;1218
4;3;230;2;Y;;null;5085;;4062;1219
4;3;231;2;Y;;null;5085;;1031;1220
4;3;232;2;Y;;null;5085;;102F;1221
4;3;233;2;Y;;null;5085;;10B9;1222
4;3;234;2;Y;;null;5085;;4074;1223
4;3;235;2;Y;;null;5085;;100B;1224
4;3;236;2;Y;;null;5085;;1028;1225
4;3;237;2;Y;;null;5085;;1069;1226
4;3;238;2;Y;;null;5085;;10B0;1227
4;3;239;2;Y;;null;5085;;4117;1228
4;3;240;2;Y;;null;5085;;1030;1229
4;3;241;2;Y;;null;5085;;405C;1230
4;3;242;2;Y;;null;5085;;410B;1231
4;3;243;2;Y;;null;5085;;1007;1232
4;3;244;2;Y;;null;5085;;10CB;1233
4;3;245;2;Y;;null;5085;;4112;1234
4;3;246;2;Y;;null;5085;;10BA;1235
4;3;247;2;Y;;null;5085;;10A9;1236
4;3;248;2;Y;;null;5085;;1014;1237
4;3;249;2;Y;;null;5085;;4109;1238
4;3;250;2;Y;;null;5085;;104F;1239
4;3;251;2;Y;;null;5085;;4088;1240
4;3;252;2;Y;;null;5085;;100C;1241
4;3;253;2;Y;;null;5085;;10C4;1242
4;3;254;2;Y;;null;5085;;10AA;1243
4;3;255;2;Y;;null;5085;;10CC;1244
4;3;256;2;Y;;null;5085;;10BB;1245
4;3;257;2;Y;;null;5085;;4100;1246
4;3;258;2;Y;;null;5085;;408E;1247
4;3;259;2;Y;;null;5085;;10CE;1248
4;3;260;2;Y;;null;5085;;10D3;1249
4;3;261;2;Y;;null;5085;;10CA;1250
4;3;262;2;Y;;null;5085;;109D;1251
4;3;263;2;Y;;null;5085;;1003;1252
4;3;264;2;Y;;null;5085;;101B;1253
4;3;265;2;Y;;null;5085;;10D7;1254
4;3;266;2;Y;;null;5085;;4111;1255
4;3;267;2;Y;;null;5085;;10BF;1256
4;3;268;2;Y;;null;5085;;4107;1257
4;3;269;2;Y;;null;5085;;1083;1258
4;3;270;2;Y;;null;5085;;408C;1259
4;3;271;2;Y;;null;5085;;4118;1260
4;3;272;2;Y;;null;5085;;411A;1261
4;3;273;2;Y;;null;5085;;10AC;1262
4;3;274;2;Y;;null;5085;;10D9;1263
4;3;275;2;Y;;null;5085;;10C2;1264
4;3;276;2;Y;;null;5085;;10BE;1265
4;3;277;2;Y;;null;5085;;1056;1266
4;3;278;2;Y;;null;5085;;1064;1267
4;3;279;2;Y;;null;5085;;1097;1268
4;3;280;2;Y;;null;5085;;1051;1269
4;3;281;2;Y;;null;5085;;410F;1270
4;3;282;2;Y;;null;5085;;1075;1271
4;3;283;2;Y;;null;5085;;4052;1272
4;3;284;2;Y;;null;5085;;4055;1273
4;3;285;2;Y;;null;5085;;1021;1274
4;3;286;2;Y;;null;5085;;1018;1275
4;3;287;2;Y;;null;5085;;4064;1276
4;3;288;2;Y;;null;5085;;407F;1277
4;3;289;2;Y;;null;5085;;10AF;1278
4;3;290;2;Y;;null;5085;;10AE;1279
4;3;291;2;Y;;null;5085;;1017;1280
4;3;292;2;Y;;null;5085;;1006;1281
4;3;293;2;Y;;null;5085;;10DA;1282
4;3;294;2;Y;;null;5085;;4110;1283
4;3;295;2;Y;;null;5085;;100D;1284
4;3;296;2;Y;;null;5085;;1009;1285
4;3;297;2;Y;;null;5085;;4108;1286
4;3;298;2;Y;;null;5085;;109B;1287
4;3;299;2;Y;;null;5085;;1087;1288
4;3;300;2;Y;;null;5085;;4086;1289
4;3;301;2;Y;;null;5085;;100E;1290
4;3;302;2;Y;;null;5085;;10E1;1291
4;3;303;2;Y;;null;5085;;1023;1292
4;3;304;2;Y;;null;5085;;10C0;1293
4;3;305;2;Y;;null;5085;;408B;1294
4;3;306;2;Y;;null;5085;;1008;1295
4;3;307;2;Y;;null;5085;;4114;1296
4;3;308;2;Y;;null;5085;;408F;1297
4;3;309;2;Y;;null;5085;;10D1;1298
4;3;310;2;Y;;null;5085;;1302;1299
4;3;311;2;Y;;null;5085;;10D2;1300
4;3;312;2;Y;;null;5085;;10C1;1301
4;3;313;2;Y;;null;5085;;10B8;1302
4;3;314;2;Y;;null;5085;;10B7;1303
4;3;315;2;Y;;null;5085;;1004;1304
4;3;316;2;Y;;null;5085;;1013;1305
4;3;317;2;Y;;null;5085;;10D6;1306
4;3;318;2;Y;;null;5085;;104E;1307
4;3;319;2;Y;;null;5085;;101D;1308
4;3;320;2;Y;;null;5085;;10A1;1309
4;3;321;2;Y;;null;5085;;1019;1310
4;3;322;2;Y;;null;5085;;10C5;1311
4;3;323;2;Y;;null;5085;;407A;1312
4;3;324;2;Y;;null;5085;;101E;1313
4;3;325;2;Y;;null;5085;;107A;1314
4;3;326;2;Y;;null;5085;;4066;1315
4;3;327;2;Y;;null;5085;;10B4;1316
4;3;328;2;Y;;null;5080;;1004;1317
4;3;329;2;Y;;null;5080;;10B8;1318
4;3;330;2;Y;;null;5080;;1034;1319
4;3;331;2;Y;;null;5080;;4063;1320
4;3;332;2;Y;;null;5080;;410E;1321
4;3;333;2;Y;;null;5080;;109F;1322
4;3;334;2;Y;;null;5080;;408E;1323
4;3;335;2;Y;;null;5080;;100F;1324
4;3;336;2;Y;;null;5080;;4084;1325
4;3;337;2;Y;;null;5080;;104E;1326
4;3;338;2;Y;;null;5080;;1087;1327
4;3;339;2;Y;;null;5080;;405B;1328
4;3;340;2;Y;;null;5080;;1027;1329
4;3;341;2;Y;;null;5080;;103C;1330
4;3;342;2;Y;;null;5080;;100E;1331
4;3;343;2;Y;;null;5080;;1007;1332
4;3;344;2;Y;;null;5080;;1011;1333
4;3;345;2;Y;;null;5080;;1013;1334
4;3;346;2;Y;;null;5080;;107A;1335
4;3;347;2;Y;;null;5080;;1033;1336
4;3;348;2;Y;;null;5082;;1087;1337
4;3;349;2;Y;;null;5082;;1081;1338
4;3;350;2;Y;;null;5082;;10A7;1339
4;3;351;2;Y;;null;5082;;101A;1340
4;3;352;2;Y;;null;5082;;4059;1341
4;3;353;2;Y;;null;5082;;1029;1342
4;3;354;2;Y;;null;5082;;10A9;1343
4;3;355;2;Y;;null;5082;;4070;1344
4;3;356;2;Y;;null;5082;;10A8;1345
4;3;357;2;Y;;null;5082;;103B;1346
4;3;358;2;Y;;null;5082;;1015;1347
4;3;359;2;Y;;null;5082;;1027;1348
4;3;360;2;Y;;null;5083;;1081;1349
4;3;361;2;Y;;null;5083;;1025;1350
4;3;362;2;Y;;null;5083;;1059;1351
4;3;363;2;Y;;null;5083;;1012;1352
4;3;364;2;Y;;null;5083;;1055;1353
4;3;365;2;Y;;null;5083;;1079;1354
4;3;366;2;Y;;null;5083;;10B5;1355
4;3;367;2;Y;;null;5083;;1084;1356
4;3;368;2;Y;;null;5083;;4084;1357
4;3;369;2;Y;;null;5083;;1002;1358
4;3;370;2;Y;;null;5083;;405F;1359
4;3;371;2;Y;;null;5083;;1007;1360
4;3;372;2;Y;;null;5083;;4059;1361
4;3;373;2;Y;;null;5083;;1058;1362
4;4;0;1;N;;null;5380;;;1363
4;4;1;2;Y;;null;5380;;104E;1364
4;4;2;2;Y;;null;5380;;310C;1365
4;4;3;2;Y;;null;5380;;1023;1366
4;4;4;2;Y;;null;5380;;1024;1367
4;4;5;2;Y;;null;5380;;405B;1368
4;4;6;2;Y;;null;5380;;4107;1369
4;4;7;2;Y;;null;5380;;10A6;1370
4;4;8;2;Y;;null;5380;;10C3;1371
4;4;9;2;Y;;null;5380;;2FD1;1372
4;4;10;2;Y;;null;5380;;1090;1373
4;4;11;2;Y;;null;5380;;1006;1374
4;4;12;2;Y;;null;5380;;1055;1375
4;4;13;2;Y;;null;5380;;1004;1376
4;4;14;2;Y;;null;5380;;1012;1377
4;4;15;2;Y;;null;5380;;4067;1378
4;4;16;2;Y;;null;5380;;4084;1379
4;4;17;2;Y;;null;5380;;1067;1380
4;4;18;2;Y;;null;5380;;1064;1381
4;4;19;2;Y;;null;5380;;1079;1382
4;4;20;2;Y;;null;5380;;1025;1383
4;4;21;2;Y;;null;5380;;1059;1384
4;4;22;2;Y;;null;5380;;4059;1385
4;4;23;2;Y;;null;5380;;1084;1386
4;4;24;2;Y;;null;5380;;405F;1387
4;4;25;2;Y;;null;5380;;4109;1388
4;4;26;2;Y;;null;5380;;411B;1389
4;4;27;2;Y;;null;5380;;106B;1390
4;4;28;2;Y;;null;5380;;410C;1391
4;4;29;2;Y;;null;5380;;1032;1392
4;4;30;2;Y;;null;5380;;10A8;1393
4;4;31;2;Y;;null;5380;;105C;1394
4;4;32;2;Y;;null;5380;;1085;1395
4;4;33;2;Y;;null;5380;;1034;1396
4;4;34;2;Y;;null;5380;;105F;1397
4;4;35;2;Y;;null;5380;;4101;1398
4;4;36;2;Y;;null;5380;;1058;1399
4;4;37;2;Y;;null;5380;;1014;1400
4;4;38;2;Y;;null;5380;;1031;1401
4;4;39;2;Y;;null;5380;;108E;1402
4;4;40;2;Y;;null;5380;;105A;1403
4;4;41;2;Y;;null;5380;;406E;1404
4;4;42;2;Y;;null;5380;;10E6;1405
4;4;43;2;Y;;null;5380;;4061;1406
4;4;44;2;Y;;null;5380;;3408;1407
4;4;45;2;Y;;null;5380;;410D;1408
4;4;46;2;Y;;null;5380;;410E;1409
4;4;47;2;Y;;null;5380;;1016;1410
4;4;48;2;Y;;null;5380;;411A;1411
4;4;49;2;Y;;null;5380;;4104;1412
4;4;50;2;Y;;null;5380;;405C;1413
4;4;51;2;Y;;null;5380;;10E5;1414
4;4;52;2;Y;;null;5380;;4062;1415
4;4;53;2;Y;;null;5380;;3404;1416
4;4;54;2;Y;;null;5380;;109C;1417
4;4;55;2;Y;;null;5380;;4056;1418
4;4;56;2;Y;;null;5380;;4118;1419
4;4;57;2;Y;;null;5380;;1063;1420
4;4;58;2;Y;;null;5380;;4060;1421
4;4;59;2;Y;;null;5380;;1039;1422
4;4;60;2;Y;;null;5380;;407E;1423
4;4;61;2;Y;;null;5380;;103A;1424
4;4;62;2;Y;;null;5380;;100E;1425
4;4;63;2;Y;;null;5380;;4115;1426
4;4;64;2;Y;;null;5380;;4087;1427
4;4;65;2;Y;;null;5380;;10B4;1428
4;4;66;2;Y;;null;5380;;4068;1429
4;4;67;2;Y;;null;5380;;103B;1430
4;4;68;2;Y;;null;5380;;1007;1431
4;4;69;2;Y;;null;5380;;1096;1432
4;4;70;2;Y;;null;5380;;1094;1433
4;4;71;2;Y;;null;5380;;1035;1434
4;4;72;2;Y;;null;5380;;10B3;1435
4;4;73;2;Y;;null;5380;;4053;1436
4;4;74;2;Y;;null;5380;;107D;1437
4;4;75;2;Y;;null;5380;;1027;1438
4;4;76;2;Y;;null;5380;;1092;1439
4;4;77;2;Y;;null;5380;;1053;1440
4;4;78;2;Y;;null;5380;;1060;1441
4;4;79;2;Y;;null;5380;;309E;1442
4;4;80;2;Y;;null;5380;;10A4;1443
4;4;81;2;Y;;null;5380;;1061;1444
4;4;82;2;Y;;null;5380;;4054;1445
4;4;83;2;Y;;null;5380;;106E;1446
4;4;84;2;Y;;null;5380;;1302;1447
4;4;85;2;Y;;null;5380;;10E7;1448
4;4;86;2;Y;;null;5380;;1062;1449
4;4;87;2;Y;;null;5380;;10A7;1450
4;4;88;2;Y;;null;5380;;109E;1451
4;4;89;2;Y;;null;5380;;101D;1452
4;4;90;2;Y;;null;5380;;4063;1453
4;4;91;2;Y;;null;5380;;4114;1454
4;4;92;2;Y;;null;5380;;1010;1455
4;4;93;2;Y;;null;5380;;105E;1456
4;4;94;2;Y;;null;5380;;106A;1457
4;4;95;2;Y;;null;5380;;407F;1458
4;4;96;2;Y;;null;5380;;106C;1459
4;4;97;2;Y;;null;5380;;1068;1460
4;4;98;2;Y;;null;5380;;10DC;1461
4;4;99;2;Y;;null;5380;;1098;1462
4;4;100;2;Y;;null;5380;;406B;1463
4;4;101;2;Y;;null;5380;;4070;1464
4;4;102;2;Y;;null;5380;;1087;1465
4;4;103;2;Y;;null;5380;;10CF;1466
4;4;104;2;Y;;null;5380;;101A;1467
4;4;105;2;Y;;null;5380;;3033;1468
4;4;106;2;Y;;null;5380;;10A5;1469
4;4;107;2;Y;;null;5380;;4065;1470
4;4;108;2;Y;;null;5380;;1069;1471
4;4;109;2;Y;;null;5380;;105D;1472
4;4;110;2;Y;;null;5380;;4069;1473
4;4;111;2;Y;;null;5380;;1026;1474
4;4;112;2;Y;;null;5380;;10D8;1475
4;4;113;2;Y;;null;5380;;104A;1476
4;4;114;2;Y;;null;5380;;100F;1477
4;4;115;2;Y;;null;5380;;406F;1478
4;4;116;2;Y;;null;5380;;108F;1479
4;4;117;2;Y;;null;5380;;1036;1480
4;4;118;2;Y;;null;5380;;108B;1481
4;4;119;2;Y;;null;5380;;406A;1482
4;4;120;2;Y;;null;5380;;1099;1483
4;4;121;2;Y;;null;5380;;106F;1484
4;4;122;2;Y;;null;5380;;1015;1485
4;4;123;2;Y;;null;5380;;4057;1486
4;4;124;2;Y;;null;5380;;1081;1487
4;4;125;2;Y;;null;5380;;4102;1488
4;4;126;2;Y;;null;5380;;1038;1489
4;4;127;2;Y;;null;5380;;1091;1490
4;4;128;2;Y;;null;5380;;405E;1491
4;4;129;2;Y;;null;5380;;101C;1492
4;4;130;2;Y;;null;5380;;4058;1493
4;4;131;2;Y;;null;5380;;1088;1494
4;5;0;1;N;;null;5400;;;1495
4;5;1;2;Y;;null;5400;;10BA;1496
5;0;0;0;N;;null;;;;1497
5;1;0;1;N;;null;;;;1498
5;2;0;1;N;;null;;6081;;1499
5;3;0;1;N;;null;6100;;;1500
5;4;0;1;N;;null;6180;;;1501
5;5;0;1;N;;null;6200;;;1502
5;6;0;1;N;;null;6280;;;1503
5;7;0;1;N;;null;6300;;;1504
5;7;1;2;Y;;null;6300;;4071;1505
5;7;2;2;Y;;null;6300;;2F88;1506
5;7;3;2;Y;;null;6300;;34D2;1507
5;7;4;2;Y;;null;6300;;2F87;1508
5;8;0;1;N;;null;6380;;;1509
5;9;0;1;N;;null;6500;;;1510
5;9;1;2;Y;;null;6500;;2249;1511
5;9;2;2;Y;;null;6500;;411F;1512
5;9;3;2;Y;;null;6500;;4122;1513
5;9;4;2;Y;;null;6500;;4120;1514
5;9;5;2;Y;;null;6500;;8010;1515
5;9;6;2;Y;;null;6500;;348B;1516
5;9;7;2;Y;;null;6500;;800E;1517
5;9;8;2;Y;;null;6500;;2248;1518
5;9;9;2;Y;;null;6500;;34CC;1519
5;9;10;2;Y;;null;6500;;4121;1520
5;9;11;2;Y;;null;6500;;800F;1521
5;9;12;2;Y;;null;6500;;8011;1522
5;9;13;2;Y;;null;6500;;8012;1523
5;9;14;2;Y;;null;6500;;800D;1524
5;10;0;1;N;;null;6580;;;1525
5;10;1;2;Y;;null;6580;;2244;1526
5;11;0;1;N;;null;6600;;;1527
5;12;0;1;N;;null;6680;;;1528
5;12;1;2;Y;;null;6680;;3420;1529
5;12;2;2;Y;;null;6680;;4106;1530
5;12;3;2;Y;;null;6680;;2246;1531
5;12;4;2;Y;;null;6680;;2245;1532
5;12;5;2;Y;;null;6680;;4123;1533
5;13;0;1;N;;null;6B00;;;1534
5;14;0;1;N;;null;6C00;;;1535
5;15;0;1;N;;null;6D00;;;1536
5;15;1;2;Y;;null;6D00;;4073;1537
5;15;2;2;Y;;null;6D00;;4072;1538
5;15;3;2;Y;;null;6D00;;1074;1539
5;15;4;2;Y;;null;6D00;;224B;1540
5;15;5;2;Y;;null;6D00;;1071;1541
5;15;6;2;Y;;null;6D00;;4071;1542
5;15;7;2;Y;;null;6D00;;2FBC;1543
5;15;8;2;Y;;null;6D00;;1072;1544
5;15;9;2;Y;;null;6D00;;2247;1545
5;15;10;2;Y;;null;6D00;;224A;1546
6;0;0;0;N;;null;;;;1547
6;1;0;1;N;;null;;;;1548
6;2;0;1;N;;null;7080;;;1549
6;3;0;1;N;;null;F005;;;1550
6;3;0;1;N;;null;;;;1550
6;3;0;1;N;;null;7102;;;1550
6;3;0;1;N;;null;7103;;;1550
6;3;0;1;N;;null;7100;;;1550
6;3;0;1;N;;null;7101;;;1550
6;3;0;1;N;;null;F004;;;1550
6;3;0;1;N;;null;7104;;;1550
6;4;0;1;N;;null;7180;;;1551
6;5;0;1;N;;null;7201;;;1552
6;6;0;1;N;;null;7206;;;1553
6;6;1;2;Y;;null;7206;;7010;1554
6;6;2;2;Y;;null;7206;;7012;1555
6;6;3;2;Y;;null;7206;;7011;1556
6;7;0;1;N;;null;7280;;;1557
6;7;1;2;Y;;null;7280;;4076;1558
6;7;2;2;Y;;null;7280;;2210;1559
6;8;0;1;N;;null;7300;;;1560
6;9;0;1;N;;null;7380;;;1561
6;10;0;1;N;;null;7400;;;1562
6;11;0;1;N;;null;7480;;;1563
6;12;0;1;N;;null;7500;;;1564
6;13;0;1;N;;null;7580;;;1565
6;14;0;1;N;;null;7680;;;1566
6;15;0;1;N;;null;;7880;;1567
7;0;0;0;N;;null;;;;1568
7;1;0;1;N;;null;;;;1569
7;2;0;1;N;;null;8101;;;1570
7;2;0;1;N;;null;;;;1570
7;2;0;1;N;;null;8100;;;1570
7;2;0;1;N;;null;8103;;;1570
7;2;0;1;N;;null;8102;;;1570
7;3;0;1;N;;null;8180;;;1571
7;4;0;1;N;;null;8200;;;1572
7;4;1;2;Y;;null;8200;;2FFB;1573
7;4;2;2;Y;;null;8200;;2FFD;1574
7;4;3;2;Y;;null;8200;;2FF6;1575
7;4;4;2;Y;;null;8200;;2FF8;1576
7;4;5;2;Y;;null;8200;;2FFA;1577
7;4;6;2;Y;;null;8200;;2FFF;1578
7;4;7;2;Y;;null;8200;;2FFC;1579
7;4;8;2;Y;;null;8200;;2FF7;1580
7;4;9;2;Y;;null;8200;;2FF9;1581
7;4;10;2;Y;;null;8200;;2FFE;1582
7;5;0;1;N;;null;8081;;;1583
7;5;0;1;N;;null;80A0;;;1583
7;5;0;1;N;;null;;;;1583
7;5;0;1;N;;null;8080;;;1583
7;5;0;1;N;;null;8082;;;1583
7;5;0;1;N;;null;8083;;;1583
7;5;0;1;N;;null;8084;;;1583
7;5;1;2;Y;;null;8082;;5006;1584
7;5;2;2;Y;;null;8082;;5002;1585
7;5;3;2;Y;;null;8082;;5005;1586
7;5;4;2;Y;;null;8082;;5011;1587
7;5;5;2;Y;;null;8082;;5007;1588
7;5;6;2;Y;;null;8082;;5003;1589
7;5;7;2;Y;;null;8082;;5016;1590
7;5;8;2;Y;;null;8082;;5014;1591
7;5;9;2;Y;;null;8082;;5001;1592
7;5;10;2;Y;;null;8082;;5000;1593
7;5;11;2;Y;;null;8082;;5008;1594
7;5;12;2;Y;;null;8082;;5017;1595
7;5;13;2;Y;;null;8082;;5012;1596
7;5;14;2;Y;;null;8082;;5004;1597
7;5;15;2;Y;;null;8082;;5020;1598
7;5;16;2;Y;;null;8082;;5018;1599
7;5;17;2;Y;;null;8082;;5015;1600
7;5;18;2;Y;;null;8082;;5019;1601
7;5;19;2;Y;;null;8082;;5009;1602
7;5;20;2;Y;;null;8082;;5013;1603
7;6;0;1;N;;null;;8301;;1604
7;7;0;1;N;;null;;8380;;1605
7;8;0;1;N;;null;;8401;;1606
8;0;0;0;N;;null;;;;1607
8;1;0;1;N;;null;;;;1608
8;2;0;1;N;;null;9080;9080;;1609
8;3;0;1;N;;null;9800;;;1610
8;4;0;1;N;;null;9180;;;1611
8;5;0;1;N;;null;9201;;;1612
8;5;0;1;N;;null;9203;;;1612
8;5;0;1;N;;null;9202;;;1612
8;5;0;1;N;;null;;;;1612
8;5;0;1;N;;null;9200;;;1612
8;6;0;1;N;;null;9300;;;1613
8;7;0;1;N;;null;9380;;;1614
8;8;0;1;N;;null;9400;;;1615
8;9;0;1;N;;null;9500;;;1616
8;10;0;1;N;;null;9700;;;1617
9;0;0;0;N;;null;;;;1618
9;1;0;1;N;;null;;;;1619
9;2;0;1;N;;null;A083;;;1620
9;2;0;1;N;;null;;;;1620
9;2;0;1;N;;null;A080;;;1620
9;2;1;2;Y;;null;A080;;34C8;1621
9;2;2;2;Y;;null;A080;;2F76;1622
9;2;3;2;Y;;null;A080;;34C5;1623
9;2;4;2;Y;;null;A080;;34C6;1624
9;2;5;2;Y;;null;A080;;34C2;1625
9;2;6;2;Y;;null;A080;;34C4;1626
9;2;7;2;Y;;null;A080;;34C3;1627
9;2;8;2;Y;;null;A080;;34C7;1628
9;3;0;1;N;;null;A100;;;1629
9;3;1;2;Y;;null;A100;;2F73;1630
9;4;0;1;N;;null;A195;;;1631
9;4;0;1;N;;null;A188;;;1631
9;4;0;1;N;;null;A18E;;;1631
9;4;0;1;N;;null;A196;;;1631
9;4;0;1;N;;null;A191;;;1631
9;4;0;1;N;;null;;;;1631
9;4;0;1;N;;null;A198;;;1631
9;4;0;1;N;;null;A180;;;1631
9;4;0;1;N;;null;A189;;;1631
9;4;0;1;N;;null;A19C;;;1631
9;4;0;1;N;;null;A197;;;1631
9;4;0;1;N;;null;A184;;;1631
9;4;0;1;N;;null;A192;;;1631
9;4;0;1;N;;null;A190;;;1631
9;4;0;1;N;;null;A18D;;;1631
9;4;0;1;N;;null;A18B;;;1631
9;4;0;1;N;;null;A18F;;;1631
9;4;0;1;N;;null;A186;;;1631
9;4;0;1;N;;null;A187;;;1631
9;4;0;1;N;;null;A18A;;;1631
9;4;0;1;N;;null;A199;;;1631
9;4;0;1;N;;null;A19B;;;1631
9;4;0;1;N;;null;A183;;;1631
9;4;0;1;N;;null;A19A;;;1631
9;4;0;1;N;;null;A181;;;1631
9;4;0;1;N;;null;A185;;;1631
9;4;0;1;N;;null;A182;;;1631
9;4;1;2;Y;;null;A180;;6069;1632
9;4;2;2;Y;;null;A180;;6044;1633
9;4;3;2;Y;;null;A180;;605D;1634
9;4;4;2;Y;;null;A180;;6050;1635
9;4;5;2;Y;;null;A180;;6057;1636
9;4;6;2;Y;;null;A180;;601D;1637
9;4;7;2;Y;;null;A180;;6052;1638
9;4;8;2;Y;;null;A180;;6075;1639
9;4;9;2;Y;;null;A180;;6038;1640
9;4;10;2;Y;;null;A180;;604B;1641
9;4;11;2;Y;;null;A180;;604D;1642
9;4;12;2;Y;;null;A180;;606C;1643
9;4;13;2;Y;;null;A180;;605F;1644
9;4;14;2;Y;;null;A180;;6041;1645
9;4;15;2;Y;;null;A180;;6059;1646
9;4;16;2;Y;;null;A180;;606B;1647
9;4;17;2;Y;;null;A180;;6032;1648
9;4;18;2;Y;;null;A180;;6024;1649
9;4;19;2;Y;;null;A181;;6003;1650
9;4;20;2;Y;;null;A182;;6045;1651
9;4;21;2;Y;;null;A183;;6002;1652
9;4;22;2;Y;;null;A184;;6001;1653
9;4;23;2;Y;;null;A185;;6000;1654
9;4;24;2;Y;;null;A186;;6028;1655
9;4;25;2;Y;;null;A187;;6046;1656
9;4;26;2;Y;;null;A188;;6025;1657
9;4;27;2;Y;;null;A189;;602C;1658
9;4;28;2;Y;;null;A18A;;602B;1659
9;4;29;2;Y;;null;A18B;;6047;1660
9;4;30;2;Y;;null;A18D;;602A;1661
9;4;31;2;Y;;null;A18E;;6020;1662
9;4;32;2;Y;;null;A18F;;6026;1663
9;4;33;2;Y;;null;A190;;6027;1664
9;4;34;2;Y;;null;A195;;601C;1665
9;4;35;2;Y;;null;A196;;6015;1666
9;4;36;2;Y;;null;A197;;6016;1667
9;4;37;2;Y;;null;A198;;6014;1668
9;4;38;2;Y;;null;A199;;6049;1669
9;4;39;2;Y;;null;A199;;6016;1670
9;4;40;2;Y;;null;A199;;6056;1671
9;4;41;2;Y;;null;A199;;6030;1672
9;4;42;2;Y;;null;A199;;601F;1673
9;4;43;2;Y;;null;A199;;6021;1674
9;4;44;2;Y;;null;A199;;6004;1675
9;4;45;2;Y;;null;A199;;6027;1676
9;4;46;2;Y;;null;A199;;6020;1677
9;4;47;2;Y;;null;A199;;6073;1678
9;4;48;2;Y;;null;A199;;6000;1679
9;4;49;2;Y;;null;A199;;6012;1680
9;4;50;2;Y;;null;A199;;604E;1681
9;4;51;2;Y;;null;A199;;6046;1682
9;4;52;2;Y;;null;A199;;6032;1683
9;4;53;2;Y;;null;A199;;6024;1684
9;4;54;2;Y;;null;A199;;6070;1685
9;4;55;2;Y;;null;A199;;6067;1686
9;4;56;2;Y;;null;A199;;6072;1687
9;4;57;2;Y;;null;A199;;6006;1688
9;4;58;2;Y;;null;A199;;6055;1689
9;4;59;2;Y;;null;A199;;6044;1690
9;4;60;2;Y;;null;A199;;606C;1691
9;4;61;2;Y;;null;A199;;6039;1692
9;4;62;2;Y;;null;A199;;6038;1693
9;4;63;2;Y;;null;A199;;604B;1694
9;4;64;2;Y;;null;A199;;601B;1695
9;4;65;2;Y;;null;A199;;6033;1696
9;4;66;2;Y;;null;A199;;6019;1697
9;4;67;2;Y;;null;A199;;6060;1698
9;4;68;2;Y;;null;A199;;602E;1699
9;4;69;2;Y;;null;A199;;602D;1700
9;4;70;2;Y;;null;A199;;606A;1701
9;4;71;2;Y;;null;A199;;6048;1702
9;4;72;2;Y;;null;A199;;6022;1703
9;4;73;2;Y;;null;A199;;6031;1704
9;4;74;2;Y;;null;A199;;6028;1705
9;4;75;2;Y;;null;A199;;602C;1706
9;4;76;2;Y;;null;A199;;6068;1707
9;4;77;2;Y;;null;A199;;601E;1708
9;4;78;2;Y;;null;A199;;603C;1709
9;4;79;2;Y;;null;A199;;600F;1710
9;4;80;2;Y;;null;A199;;600E;1711
9;4;81;2;Y;;null;A199;;6034;1712
9;4;82;2;Y;;null;A199;;606D;1713
9;4;83;2;Y;;null;A199;;603A;1714
9;4;84;2;Y;;null;A199;;6062;1715
9;4;85;2;Y;;null;A199;;605A;1716
9;4;86;2;Y;;null;A199;;6035;1717
9;4;87;2;Y;;null;A199;;6063;1718
9;4;88;2;Y;;null;A199;;6017;1719
9;4;89;2;Y;;null;A199;;6075;1720
9;4;90;2;Y;;null;A199;;6018;1721
9;4;91;2;Y;;null;A199;;602A;1722
9;4;92;2;Y;;null;A199;;6008;1723
9;4;93;2;Y;;null;A199;;6071;1724
9;4;94;2;Y;;null;A199;;606E;1725
9;4;95;2;Y;;null;A199;;6005;1726
9;4;96;2;Y;;null;A199;;6040;1727
9;4;97;2;Y;;null;A199;;6003;1728
9;4;98;2;Y;;null;A199;;6064;1729
9;4;99;2;Y;;null;A199;;605C;1730
9;4;100;2;Y;;null;A199;;6014;1731
9;4;101;2;Y;;null;A199;;6045;1732
9;4;102;2;Y;;null;A199;;6058;1733
9;4;103;2;Y;;null;A199;;6051;1734
9;4;104;2;Y;;null;A199;;6036;1735
9;4;105;2;Y;;null;A199;;6043;1736
9;4;106;2;Y;;null;A199;;6026;1737
9;4;107;2;Y;;null;A199;;6057;1738
9;4;108;2;Y;;null;A199;;600D;1739
9;4;109;2;Y;;null;A199;;6047;1740
9;4;110;2;Y;;null;A199;;6074;1741
9;4;111;2;Y;;null;A199;;600A;1742
9;4;112;2;Y;;null;A199;;6011;1743
9;4;113;2;Y;;null;A199;;6042;1744
9;4;114;2;Y;;null;A199;;606B;1745
9;4;115;2;Y;;null;A199;;605F;1746
9;4;116;2;Y;;null;A199;;6015;1747
9;4;117;2;Y;;null;A199;;6050;1748
9;4;118;2;Y;;null;A199;;605D;1749
9;4;119;2;Y;;null;A199;;6069;1750
9;4;120;2;Y;;null;A199;;6065;1751
9;4;121;2;Y;;null;A199;;6054;1752
9;4;122;2;Y;;null;A199;;6066;1753
9;4;123;2;Y;;null;A199;;602B;1754
9;4;124;2;Y;;null;A199;;6023;1755
9;4;125;2;Y;;null;A199;;603E;1756
9;4;126;2;Y;;null;A199;;603D;1757
9;4;127;2;Y;;null;A199;;6025;1758
9;4;128;2;Y;;null;A199;;605B;1759
9;4;129;2;Y;;null;A199;;600C;1760
9;4;130;2;Y;;null;A199;;6052;1761
9;4;131;2;Y;;null;A199;;6037;1762
9;4;132;2;Y;;null;A199;;604C;1763
9;4;133;2;Y;;null;A199;;6001;1764
9;4;134;2;Y;;null;A199;;6059;1765
9;4;135;2;Y;;null;A199;;606F;1766
9;4;136;2;Y;;null;A199;;6007;1767
9;4;137;2;Y;;null;A199;;6053;1768
9;4;138;2;Y;;null;A199;;602F;1769
9;4;139;2;Y;;null;A199;;601C;1770
9;4;140;2;Y;;null;A199;;6002;1771
9;4;141;2;Y;;null;A199;;604F;1772
9;4;142;2;Y;;null;A199;;604A;1773
9;4;143;2;Y;;null;A199;;603F;1774
9;4;144;2;Y;;null;A199;;604D;1775
9;4;145;2;Y;;null;A199;;6010;1776
9;4;146;2;Y;;null;A199;;6041;1777
9;4;147;2;Y;;null;A19A;;600D;1778
9;4;148;2;Y;;null;A19B;;600E;1779
9;4;149;2;Y;;null;A19C;;600F;1780
9;4;150;2;Y;;null;A199;;603B;1781
9;4;151;2;Y;;null;A180;;603F;1782
9;4;152;2;Y;;null;A180;;6012;1783
9;4;153;2;Y;;null;A180;;6033;1784
9;4;154;2;Y;;null;A180;;6019;1785
9;4;155;2;Y;;null;A180;;601B;1786
9;4;156;2;Y;;null;A180;;6060;1787
9;4;157;2;Y;;null;A180;;602E;1788
9;4;158;2;Y;;null;A180;;606A;1789
9;4;159;2;Y;;null;A180;;6009;1790
9;4;160;2;Y;;null;A180;;602D;1791
9;4;161;2;Y;;null;A180;;6031;1792
9;4;162;2;Y;;null;A180;;6056;1793
9;4;163;2;Y;;null;A180;;6035;1794
9;4;164;2;Y;;null;A180;;6048;1795
9;4;165;2;Y;;null;A180;;6022;1796
9;4;166;2;Y;;null;A180;;6068;1797
9;4;167;2;Y;;null;A180;;601E;1798
9;4;168;2;Y;;null;A180;;603C;1799
9;4;169;2;Y;;null;A180;;6042;1800
9;4;170;2;Y;;null;A180;;6008;1801
9;4;171;2;Y;;null;A180;;6023;1802
9;4;172;2;Y;;null;A180;;6053;1803
9;4;173;2;Y;;null;A180;;6049;1804
9;4;174;2;Y;;null;A180;;600C;1805
9;4;175;2;Y;;null;A180;;605A;1806
9;4;176;2;Y;;null;A180;;6065;1807
9;4;177;2;Y;;null;A180;;6013;1808
9;4;178;2;Y;;null;A180;;6040;1809
9;4;179;2;Y;;null;A180;;601A;1810
9;4;180;2;Y;;null;A180;;603A;1811
9;4;181;2;Y;;null;A180;;2FC5;1812
9;4;182;2;Y;;null;A180;;6011;1813
9;4;183;2;Y;;null;A180;;6071;1814
9;4;184;2;Y;;null;A180;;6074;1815
9;4;185;2;Y;;null;A180;;606E;1816
9;4;186;2;Y;;null;A180;;6005;1817
9;4;187;2;Y;;null;A180;;6018;1818
9;4;188;2;Y;;null;A180;;6007;1819
9;4;189;2;Y;;null;A180;;600A;1820
9;4;190;2;Y;;null;A180;;605C;1821
9;4;191;2;Y;;null;A180;;6062;1822
9;4;192;2;Y;;null;A180;;604C;1823
9;4;193;2;Y;;null;A180;;606D;1824
9;4;194;2;Y;;null;A180;;6064;1825
9;4;195;2;Y;;null;A180;;605E;1826
9;4;196;2;Y;;null;A180;;602F;1827
9;4;197;2;Y;;null;A180;;605B;1828
9;4;198;2;Y;;null;A180;;6061;1829
9;4;199;2;Y;;null;A180;;606F;1830
9;4;200;2;Y;;null;A180;;6010;1831
9;4;201;2;Y;;null;A180;;6039;1832
9;4;202;2;Y;;null;A180;;604F;1833
9;4;203;2;Y;;null;A180;;6051;1834
9;4;204;2;Y;;null;A180;;603E;1835
9;4;205;2;Y;;null;A180;;603D;1836
9;4;206;2;Y;;null;A180;;6058;1837
9;4;207;2;Y;;null;A180;;6066;1838
9;4;208;2;Y;;null;A180;;604A;1839
9;4;209;2;Y;;null;A180;;6063;1840
9;4;210;2;Y;;null;A180;;6054;1841
9;4;211;2;Y;;null;A180;;6036;1842
9;4;212;2;Y;;null;A180;;603B;1843
9;4;213;2;Y;;null;A180;;6043;1844
9;4;214;2;Y;;null;A180;;601F;1845
9;4;215;2;Y;;null;A180;;6030;1846
9;4;216;2;Y;;null;A180;;6021;1847
9;4;217;2;Y;;null;A180;;6017;1848
9;4;218;2;Y;;null;A180;;6037;1849
9;4;219;2;Y;;null;A180;;6073;1850
9;4;220;2;Y;;null;A180;;6004;1851
9;4;221;2;Y;;null;A180;;604E;1852
9;4;222;2;Y;;null;A180;;6070;1853
9;4;223;2;Y;;null;A180;;6067;1854
9;4;224;2;Y;;null;A180;;600B;1855
9;4;225;2;Y;;null;A180;;6034;1856
9;4;226;2;Y;;null;A180;;6072;1857
9;4;227;2;Y;;null;A180;;6006;1858
9;4;228;2;Y;;null;A180;;6055;1859
9;5;0;1;N;;null;;A380;;1860
9;6;0;1;N;;null;A480;;;1861
9;6;1;2;Y;;null;A480;;6300;1862
9;6;2;2;Y;;null;A480;;6301;1863
9;6;3;2;Y;;null;A480;;2FA6;1864
9;6;4;2;Y;;null;A480;;6302;1865
9;6;5;2;Y;;null;A480;;3481;1866
9;7;0;1;N;;null;A600;;;1867
9;7;1;2;Y;;null;A600;;2313;1868
9;7;2;2;Y;;null;A600;;2312;1869
9;7;3;2;Y;;null;A600;;2311;1870
9;7;4;2;Y;;null;A600;;4081;1871
9;7;5;2;Y;;null;A600;;2310;1872
9;7;6;2;Y;;null;A600;;7003;1873
9;8;0;1;N;;null;A700;;;1874
9;9;0;1;N;;null;A900;;;1875
9;10;0;1;N;;null;AB03;;;1876
9;10;0;1;N;;null;AB00;;;1876
9;10;0;1;N;;null;AB01;;;1876
9;10;0;1;N;;null;AB02;;;1876
9;10;0;1;N;;null;AB05;;;1876
9;10;0;1;N;;null;;;;1876
9;10;1;2;Y;;null;AB01;;6400;1877
9;10;2;2;Y;;null;AB02;;6401;1878
9;10;3;2;Y;;null;AB03;;6402;1879
9;10;4;2;Y;;null;AB05;;6403;1880
9;10;5;2;Y;;null;AB00;;6404;1881
9;10;6;2;Y;;null;AB00;;2F00;1882
9;10;7;2;Y;;null;AB00;;2309;1883
9;11;0;1;N;;null;AF00;;;1884
9;12;0;1;N;;null;AF01;;;1885
