#ucode;category_pri
67239936;1
67305472;1
67371008;1
67436544;1
67502080;1
67633152;1
68026368;1
68157440;1
68354048;1
84148224;2
67895296;3
67829760;4
33685504;5
33816576;5
151060480;6
151257088;6
17235968;7
151126016;8
50397184;9
50462720;9
33947648;10
16777216;11
16842752;11
16842753;11
16842754;11
16842755;11
16842756;11
16842757;11
16842758;11
16842759;11
16842760;11
16842761;11
16908288;11
16908289;11
16908290;11
16908291;11
16973824;11
17039360;11
17104896;11
17170432;11
17301504;11
17367040;11
17432576;11
17432577;11
17432578;11
17432579;11
17432580;11
17432581;11
17432582;11
17432583;11
17432584;11
17432585;11
17498112;11
17563648;11
17629184;11
17694720;11
17694721;11
17694722;11
17694723;11
33554432;11
33619968;11
33619969;11
33619970;11
33619971;11
33619972;11
33751040;11
33882112;11
33947649;11
33947650;11
33947651;11
33947652;11
33947653;11
33947654;11
33947655;11
33947656;11
33947657;11
33947658;11
33947659;11
33947660;11
33947661;11
33947662;11
33947663;11
33947664;11
33947665;11
33947666;11
33947667;11
33947668;11
33947669;11
33947670;11
33947671;11
33947672;11
33947673;11
33947674;11
33947675;11
33947676;11
33947677;11
33947678;11
33947679;11
33947680;11
33947681;11
33947682;11
33947683;11
33947684;11
33947685;11
33947686;11
33947687;11
33947688;11
33947689;11
33947690;11
33947691;11
33947692;11
33947693;11
33947694;11
34013184;11
34078720;11
34144256;11
34144257;11
34144258;11
34144259;11
34144260;11
34209792;11
34275328;11
34340864;11
34406400;11
34471936;11
50331648;11
50397185;11
50397186;11
50397187;11
50397188;11
50397189;11
50397190;11
50397191;11
50462721;11
50462722;11
50462723;11
50462724;11
50462725;11
50462726;11
50462727;11
50462728;11
50462729;11
50462730;11
50462731;11
50462732;11
50462733;11
50462734;11
50462735;11
50462736;11
50462737;11
50462738;11
50462739;11
50462740;11
50462741;11
50462742;11
50462743;11
50462744;11
50462745;11
50462746;11
50462747;11
50462748;11
50462749;11
50462750;11
50462751;11
50462752;11
50462753;11
50462754;11
50462755;11
50462756;11
50462757;11
50462758;11
50462759;11
50462760;11
50462761;11
50462762;11
50462763;11
50462764;11
50462765;11
50462766;11
50462767;11
50462768;11
50462769;11
50462770;11
50462771;11
50462772;11
50462773;11
50462774;11
50462775;11
50462776;11
50462777;11
50462778;11
50462779;11
50462780;11
50462781;11
50462782;11
50462783;11
50462784;11
50462785;11
50462786;11
50462787;11
50462788;11
50462789;11
50462790;11
50462791;11
50462792;11
50462793;11
50462794;11
50462795;11
50462796;11
50462797;11
50462798;11
50462799;11
50462800;11
50462801;11
50462802;11
50462803;11
50462804;11
50462805;11
50462806;11
50462807;11
50462808;11
50462809;11
50462810;11
50462811;11
50462812;11
50462813;11
50462814;11
50462815;11
50462816;11
50462817;11
50462818;11
50462819;11
50462820;11
50462821;11
50462822;11
50462823;11
50462824;11
50462825;11
50462826;11
50462827;11
50462828;11
50462829;11
50462830;11
50462831;11
50462832;11
50462833;11
50462834;11
50462835;11
50462836;11
50462837;11
50462838;11
50462839;11
50462840;11
50462841;11
50462842;11
50462843;11
50462844;11
50462845;11
50462846;11
50462847;11
50462848;11
50462849;11
50462850;11
50462851;11
50462852;11
50462853;11
50462854;11
50462855;11
50462856;11
50462857;11
50462858;11
50462859;11
50462860;11
50462861;11
50462862;11
50528256;11
67108864;11
67174400;11
67239937;11
67239938;11
67239939;11
67502081;11
67502082;11
67502083;11
67502084;11
67502085;11
67502086;11
67502087;11
67502088;11
67502089;11
67502090;11
67502091;11
67502092;11
67567616;11
67698688;11
67764224;11
67829761;11
67829762;11
67829763;11
67829764;11
67895297;11
67895298;11
67895299;11
67960832;11
68091904;11
68091905;11
68091906;11
68091907;11
68091908;11
68091909;11
68091910;11
68157441;11
68157442;11
68157443;11
68157444;11
68157445;11
68157446;11
68157447;11
68157448;11
68157449;11
68157450;11
68157451;11
68157452;11
68157453;11
68157454;11
68157455;11
68157456;11
68222976;11
68222977;11
68222978;11
68288512;11
83886080;11
83951616;11
84017152;11
84017153;11
84017154;11
84017155;11
84082688;11
84082689;11
84082690;11
84082691;11
84082692;11
84082693;11
84148225;11
84148226;11
84148227;11
84148228;11
84148229;11
84279296;11
100663296;11
100728832;11
100728833;11
100728834;11
100728835;11
100728836;11
100728837;11
100728838;11
100728839;11
100728840;11
100728841;11
100728842;11
100728843;11
100728844;11
100728845;11
100728846;11
100728847;11
100728848;11
100728849;11
100728850;11
100728851;11
100728852;11
100728853;11
100728854;11
100728855;11
100728856;11
100728857;11
100728858;11
100728859;11
117440512;11
117506048;11
117506049;11
117506050;11
117506051;11
117506052;11
117571584;11
117637120;11
117637121;11
117637122;11
117637123;11
117702656;11
117702657;11
117702658;11
117702659;11
117768192;11
117833728;11
117899264;11
117964800;11
117964801;11
117964802;11
117964803;11
117964804;11
117964805;11
117964806;11
118030336;11
118030337;11
118030338;11
118030339;11
118095872;11
118161408;11
118161409;11
118161410;11
118161411;11
118161412;11
118161413;11
118161414;11
118161415;11
118161416;11
118161417;11
118226944;11
118226945;11
118226946;11
118226947;11
118226948;11
118226949;11
118226950;11
118226951;11
118226952;11
118226953;11
118226954;11
118226955;11
118226956;11
118226957;11
118226958;11
118226959;11
118226960;11
118226961;11
118226962;11
118226963;11
118226964;11
118226965;11
118226966;11
118292480;11
118292481;11
118292482;11
118292483;11
118292484;11
118292485;11
118292486;11
118292487;11
118292488;11
118358016;11
118358017;11
118358018;11
118358019;11
118358020;11
118358021;11
118358022;11
118423552;11
118489088;11
118489089;11
118489090;11
118489091;11
118489092;11
118489093;11
134217728;11
134283264;11
134283265;11
134283266;11
134283267;11
134348800;11
134348801;11
134348802;11
134348803;11
134348804;11
134348805;11
134348806;11
134414336;11
134414337;11
134414338;11
134414339;11
134414340;11
134414341;11
134414342;11
134414343;11
134414344;11
134479872;11
134479873;11
134479874;11
134479875;11
134479876;11
134479877;11
134479878;11
150994944;11
151126017;11
151126018;11
151126019;11
151126020;11
151126021;11
151191553;11
151191554;11
151191555;11
151191556;11
151191557;11
151191558;11
151191559;11
151191560;11
151191561;11
151191562;11
151191563;11
151191564;11
151191565;11
151191566;11
151191567;11
151191568;11
151191569;11
151191570;11
151191571;11
151191572;11
151191573;11
151191574;11
151191575;11
151191576;11
151191577;11
151191578;11
151191579;11
151191580;11
151191581;11
151191582;11
151191583;11
151191584;11
151191585;11
151191586;11
151191587;11
151191588;11
151191589;11
151191590;11
151191591;11
151191592;11
151191593;11
151191594;11
151191595;11
151191596;11
151191597;11
151191598;11
151191599;11
151191600;11
151191601;11
151191602;11
151191603;11
151191604;11
151191605;11
151191606;11
151191607;11
151191608;11
151191609;11
151191610;11
151191611;11
151191612;11
151191613;11
151191614;11
151191615;11
151191616;11
151191617;11
151191618;11
151191619;11
151191620;11
151191621;11
151191622;11
151191623;11
151191624;11
151191625;11
151191626;11
151191627;11
151191628;11
151191629;11
151191630;11
151191631;11
151191632;11
151191633;11
151191634;11
151191635;11
167772160;11
167837696;11
167903232;11
167968768;11
167968769;11
167968770;11
167968771;11
167968772;11
167968773;11
167968774;11
168034304;11
168034305;11
168034306;11
168034307;11
168034308;11
168034309;11
168034310;11
168034311;11
168034312;11
168034313;11
168034314;11
168034315;11
168034316;11
168034317;11
168034318;11
168099840;11
168165376;11
168230912;11
184549376;11
184614912;11
184680448;11
184745984;11
184745985;11
184745986;11
184745987;11
184745988;11
184745989;11
184745990;11
184745991;11
184745992;11
184745993;11
184745994;11
184745995;11
184745996;11
184745997;11
184745998;11
184811520;11
184811521;11
184811522;11
184811523;11
184811524;11
184811525;11
184811526;11
184811527;11
184811528;11
184877056;11
184942592;11
201326592;11
201392128;11
201392129;11
201392130;11
201392131;11
201392132;11
201457664;11
201457665;11
201457666;11
201457667;11
201457668;11
201457669;11
201523200;11
201588736;11
201654272;11
201719808;11
201785344;11
201850880;11
201850881;11
201850882;11
201850883;11
201850884;11
201850885;11
201916416;11
201916417;11
201916418;11
201916419;11
201916420;11
201916421;11
201916422;11
151191552;12
84213760;13
