#gen_0;gen_1;gen_2;level;genre_is_brand;importance;org_code1;org_code2;chaincode;genre_id
1;0;0;0;N;;;;;1
1;1;0;1;N;;;;;2
1;2;0;1;N;;1080;;;3
1;2;1;2;Y;;1080;;303A;4
1;2;2;2;Y;;1080;;3301;5
1;2;3;2;Y;;1080;;2FD9;6
1;2;4;2;Y;;1080;;3412;7
1;2;5;2;Y;;1080;;330F;8
1;2;6;2;Y;;1080;;2FC7;9
1;2;7;2;Y;;1080;;3435;10
1;2;8;2;Y;;1080;;4128;11
1;2;9;2;Y;;1080;;333F;12
1;2;10;2;Y;;1080;;3037;13
1;2;11;2;Y;;1080;;310E;14
1;2;12;2;Y;;1080;;3052;15
1;2;13;2;Y;;1080;;304B;16
1;2;14;2;Y;;1080;;311F;17
1;2;15;2;Y;;1080;;3124;18
1;2;16;2;Y;;1080;;3048;19
1;2;17;2;Y;;1080;;3423;20
1;2;18;2;Y;;1080;;3419;21
1;2;19;2;Y;;1080;;3099;22
1;2;20;2;Y;;1080;;312B;23
1;2;21;2;Y;;1080;;3604;24
1;2;22;2;Y;;1080;;3131;25
1;2;23;2;Y;;1080;;3109;26
1;2;24;2;Y;;1080;;2FB8;27
1;2;25;2;Y;;1080;;3432;28
1;2;26;2;Y;;1080;;3054;29
1;2;27;2;Y;;1080;;3101;30
1;2;28;2;Y;;1080;;3338;31
1;2;29;2;Y;;1080;;307A;32
1;2;30;2;Y;;1080;;334C;33
1;2;31;2;Y;;1080;;3034;34
1;2;32;2;Y;;1080;;3437;35
1;2;33;2;Y;;1080;;334B;36
1;2;34;2;Y;;1080;;3119;37
1;2;35;2;Y;;1080;;3429;38
1;2;36;2;Y;;1080;;3040;39
1;2;37;2;Y;;1080;;3110;40
1;2;38;2;Y;;1080;;3410;41
1;2;39;2;Y;;1080;;302C;42
1;2;40;2;Y;;1080;;3045;43
1;2;41;2;Y;;1080;;3430;44
1;2;42;2;Y;;1080;;3434;45
1;2;43;2;Y;;1080;;3438;46
1;2;44;2;Y;;1080;;3436;47
1;2;45;2;Y;;1080;;3369;48
1;2;46;2;Y;;1080;;3128;49
1;2;47;2;Y;;1080;;3123;50
1;2;48;2;Y;;1080;;3417;51
1;2;49;2;Y;;1080;;2FDD;52
1;2;50;2;Y;;1080;;3325;53
1;2;51;2;Y;;1080;;311B;54
1;2;52;2;Y;;1080;;3352;55
1;2;53;2;Y;;1080;;3348;56
1;2;54;2;Y;;1080;;2FDB;57
1;2;55;2;Y;;1080;;303C;58
1;2;56;2;Y;;1080;;3431;59
1;2;57;2;Y;;1080;;330C;60
1;2;58;2;Y;;1080;;2F9F;61
1;2;59;2;Y;;1080;;412A;62
1;2;60;2;Y;;1080;;3111;63
1;2;61;2;Y;;1080;;3107;64
1;2;62;2;Y;;1080;;3329;65
1;2;63;2;Y;;1080;;310C;66
1;2;64;2;Y;;1080;;311A;67
1;2;65;2;Y;;1080;;4127;68
1;2;66;2;Y;;1080;;334F;69
1;2;67;2;Y;;1080;;3421;70
1;2;68;2;Y;;1080;;3415;71
1;2;69;2;Y;;1080;;3089;72
1;2;70;2;Y;;1080;;3491;73
1;2;71;2;Y;;1080;;3428;74
1;2;72;2;Y;;1080;;341A;75
1;2;73;2;Y;;1080;;311D;76
1;2;74;2;Y;;1080;;303E;77
1;2;75;2;Y;;1080;;3086;78
1;2;76;2;Y;;1080;;312D;79
1;2;77;2;Y;;1080;;3117;80
1;2;78;2;Y;;1080;;3114;81
1;2;79;2;Y;;1080;;311C;82
1;2;80;2;Y;;1080;;3106;83
1;2;81;2;Y;;1080;;3310;84
1;2;82;2;Y;;1080;;34CA;85
1;2;83;2;Y;;1080;;3433;86
1;2;84;2;Y;;1080;;3403;87
1;2;85;2;Y;;1080;;3414;88
1;2;86;2;Y;;1080;;335B;89
1;2;87;2;Y;;1080;;333E;90
1;2;88;2;Y;;1080;;3407;91
1;2;89;2;Y;;1080;;341B;92
1;2;90;2;Y;;1080;;3332;93
1;2;91;2;Y;;1080;;3416;94
1;2;92;2;Y;;1080;;303D;95
1;2;93;2;Y;;1080;;3090;96
1;2;94;2;Y;;1080;;3116;97
1;2;95;2;Y;;1080;;3126;98
1;2;96;2;Y;;1080;;2FCC;99
1;2;97;2;Y;;1080;;412C;100
1;2;98;2;Y;;1080;;3092;101
1;2;99;2;Y;;1080;;3331;102
1;2;100;2;Y;;1080;;3127;103
1;2;101;2;Y;;1080;;333A;104
1;2;102;2;Y;;1080;;342F;105
1;2;103;2;Y;;1080;;3300;106
1;2;104;2;Y;;1080;;307C;107
1;2;105;2;Y;;1080;;414B;108
1;2;106;2;Y;;1080;;3424;109
1;3;0;1;N;;1980;;;110
1;3;1;2;Y;;1980;;305E;111
1;3;2;2;Y;;1980;;3300;112
1;3;3;2;Y;;1980;;3038;113
1;3;4;2;Y;;1980;;303B;114
1;3;5;2;Y;;1980;;3032;115
1;3;6;2;Y;;1980;;330D;116
1;3;7;2;Y;;1980;;302C;117
1;3;8;2;Y;;1980;;4129;118
1;3;9;2;Y;;1980;;3037;119
1;3;10;2;Y;;1980;;333F;120
1;3;11;2;Y;;1980;;3049;121
1;3;12;2;Y;;1980;;3031;122
1;3;13;2;Y;;1980;;3358;123
1;3;14;2;Y;;1980;;335F;124
1;3;15;2;Y;;1980;;303E;125
1;3;16;2;Y;;1980;;4128;126
1;4;0;1;N;;1300;;;127
1;4;1;2;Y;;1300;;360C;128
1;4;2;2;Y;;1300;;311A;129
1;4;3;2;Y;;1300;;3478;130
1;4;4;2;Y;;1300;;3350;131
1;4;5;2;Y;;1300;;2F9A;132
1;4;6;2;Y;;1300;;3405;133
1;4;7;2;Y;;1300;;2F8A;134
1;4;8;2;Y;;1300;;3088;135
1;4;9;2;Y;;1300;;2F93;136
1;4;10;2;Y;;1300;;3320;137
1;4;11;2;Y;;1300;;3317;138
1;4;12;2;Y;;1300;;3117;139
1;4;13;2;Y;;1300;;3477;140
1;4;14;2;Y;;1300;;3412;141
1;4;15;2;Y;;1300;;303F;142
1;4;16;2;Y;;1300;;341F;143
1;4;17;2;Y;;1300;;311F;144
1;4;18;2;Y;;1300;;3303;145
1;4;19;2;Y;;1300;;3091;146
1;4;20;2;Y;;1300;;3305;147
1;4;21;2;Y;;1300;;2F9E;148
1;4;22;2;Y;;1300;;3302;149
1;4;23;2;Y;;1300;;3365;150
1;4;24;2;Y;;1300;;3110;151
1;4;25;2;Y;;1300;;3329;152
1;4;26;2;Y;;1300;;306D;153
1;4;27;2;Y;;1300;;2FD3;154
1;4;28;2;Y;;1300;;308E;155
1;4;29;2;Y;;1300;;3043;156
1;4;30;2;Y;;1300;;2F94;157
1;4;31;2;Y;;1300;;307B;158
1;4;32;2;Y;;1300;;3301;159
1;4;33;2;Y;;1300;;309F;160
1;4;34;2;Y;;1300;;3083;161
1;4;35;2;Y;;1300;;3044;162
1;4;36;2;Y;;1300;;3135;163
1;4;37;2;Y;;1300;;3479;164
1;4;38;2;Y;;1300;;3030;165
1;4;39;2;Y;;1300;;360B;166
1;4;40;2;Y;;1300;;3127;167
1;4;41;2;Y;;1300;;3039;168
1;4;42;2;Y;;1300;;2FA2;169
1;4;43;2;Y;;1300;;342B;170
1;4;44;2;Y;;1300;;334A;171
1;4;45;2;Y;;1300;;305F;172
1;4;46;2;Y;;1300;;341A;173
1;4;47;2;Y;;1300;;3078;174
1;4;48;2;Y;;1300;;2FF3;175
1;4;49;2;Y;;1300;;3047;176
1;4;50;2;Y;;1300;;302F;177
1;4;51;2;Y;;1300;;332A;178
1;4;52;2;Y;;1300;;309E;179
1;4;53;2;Y;;1300;;3070;180
1;4;54;2;Y;;1300;;3060;181
1;4;55;2;Y;;1300;;2FA1;182
1;4;56;2;Y;;1300;;3367;183
1;4;57;2;Y;;1300;;3094;184
1;4;58;2;Y;;1300;;3308;185
1;4;59;2;Y;;1300;;311B;186
1;4;60;2;Y;;1300;;4126;187
1;4;61;2;Y;;1300;;2F8C;188
1;4;62;2;Y;;1300;;34AD;189
1;4;63;2;Y;;1300;;312C;190
1;4;64;2;Y;;1300;;34CB;191
1;4;65;2;Y;;1300;;342A;192
1;4;66;2;Y;;1300;;2F98;193
1;4;67;2;Y;;1300;;2FD6;194
1;4;68;2;Y;;1300;;3100;195
1;4;69;2;Y;;1300;;3123;196
1;4;70;2;Y;;1300;;3098;197
1;4;71;2;Y;;1300;;3130;198
1;4;72;2;Y;;1300;;3304;199
1;4;73;2;Y;;1300;;3333;200
1;4;74;2;Y;;1300;;2FC8;201
1;5;0;1;N;;1380;;;202
1;5;1;2;Y;;1380;;3138;203
1;5;2;2;Y;;1380;;346D;204
1;5;3;2;Y;;1380;;3472;205
1;5;4;2;Y;;1380;;3082;206
1;5;5;2;Y;;1380;;333C;207
1;5;6;2;Y;;1380;;345A;208
1;5;7;2;Y;;1380;;331B;209
1;5;8;2;Y;;1380;;3099;210
1;5;9;2;Y;;1380;;10E3;211
1;5;10;2;Y;;1380;;3074;212
1;5;11;2;Y;;1380;;2F9D;213
1;5;12;2;Y;;1380;;309B;214
1;5;13;2;Y;;1380;;345D;215
1;5;14;2;Y;;1380;;3037;216
1;5;15;2;Y;;1380;;4129;217
1;5;16;2;Y;;1380;;334D;218
1;5;17;2;Y;;1380;;312B;219
1;5;18;2;Y;;1380;;3318;220
1;5;19;2;Y;;1380;;3073;221
1;5;20;2;Y;;1380;;335D;222
1;5;21;2;Y;;1380;;336B;223
1;5;22;2;Y;;1380;;304D;224
1;5;23;2;Y;;1380;;330C;225
1;5;24;2;Y;;1380;;305D;226
1;5;25;2;Y;;1380;;306B;227
1;5;26;2;Y;;1380;;302D;228
1;5;27;2;Y;;1380;;2F9E;229
1;5;28;2;Y;;1380;;2FDF;230
1;5;29;2;Y;;1380;;331F;231
1;5;30;2;Y;;1380;;3086;232
1;5;31;2;Y;;1380;;306F;233
1;5;32;2;Y;;1380;;332F;234
1;5;33;2;Y;;1380;;3125;235
1;5;34;2;Y;;1380;;2FD1;236
1;5;35;2;Y;;1380;;330D;237
1;5;36;2;Y;;1380;;3357;238
1;5;37;2;Y;;1380;;3085;239
1;5;38;2;Y;;1380;;3335;240
1;5;39;2;Y;;1380;;3097;241
1;5;40;2;Y;;1380;;335A;242
1;5;41;2;Y;;1380;;306A;243
1;5;42;2;Y;;1380;;3133;244
1;5;43;2;Y;;1380;;3341;245
1;5;44;2;Y;;1380;;2FDE;246
1;5;45;2;Y;;1380;;345E;247
1;5;46;2;Y;;1380;;3463;248
1;5;47;2;Y;;1380;;3474;249
1;5;48;2;Y;;1380;;412A;250
1;5;49;2;Y;;1380;;303E;251
1;5;50;2;Y;;1380;;2F99;252
1;5;51;2;Y;;1380;;309C;253
1;5;52;2;Y;;1380;;3468;254
1;5;53;2;Y;;1380;;330E;255
1;5;54;2;Y;;1380;;307A;256
1;5;55;2;Y;;1380;;335E;257
1;5;56;2;Y;;1380;;3033;258
1;5;57;2;Y;;1380;;346E;259
1;5;58;2;Y;;1380;;2FD8;260
1;5;59;2;Y;;1380;;3031;261
1;5;60;2;Y;;1380;;3092;262
1;5;61;2;Y;;1380;;2FF5;263
1;5;62;2;Y;;1380;;3084;264
1;5;63;2;Y;;1380;;331A;265
1;5;64;2;Y;;1380;;3079;266
1;5;65;2;Y;;1380;;3328;267
1;5;66;2;Y;;1380;;3460;268
1;5;67;2;Y;;1380;;333F;269
1;5;68;2;Y;;1380;;3306;270
1;5;69;2;Y;;1380;;312F;271
1;5;70;2;Y;;1380;;2F97;272
1;5;71;2;Y;;1380;;303C;273
1;5;72;2;Y;;1380;;3105;274
1;5;73;2;Y;;1380;;3081;275
1;5;74;2;Y;;1380;;336A;276
1;5;75;2;Y;;1380;;34C9;277
1;5;76;2;Y;;1380;;2F8E;278
1;5;77;2;Y;;1380;;3421;279
1;5;78;2;Y;;1380;;333B;280
1;5;79;2;Y;;1380;;10D4;281
1;5;80;2;Y;;1380;;3362;282
1;5;81;2;Y;;1380;;308B;283
1;5;82;2;Y;;1380;;3300;284
1;5;83;2;Y;;1380;;2FA0;285
1;5;84;2;Y;;1380;;336C;286
1;5;85;2;Y;;1380;;312A;287
1;5;86;2;Y;;1380;;3352;288
1;5;87;2;Y;;1380;;311D;289
1;5;88;2;Y;;1380;;302E;290
1;5;89;2;Y;;1380;;3476;291
1;5;90;2;Y;;1380;;3315;292
1;5;91;2;Y;;1380;;333D;293
1;5;92;2;Y;;1380;;3356;294
1;5;93;2;Y;;1380;;3343;295
1;5;94;2;Y;;1380;;2FDD;296
1;5;95;2;Y;;1380;;311E;297
1;5;96;2;Y;;1380;;3076;298
1;5;97;2;Y;;1380;;2FD2;299
1;5;98;2;Y;;1380;;306E;300
1;5;99;2;Y;;1380;;3475;301
1;5;100;2;Y;;1380;;3080;302
1;5;101;2;Y;;1380;;3464;303
1;5;102;2;Y;;1380;;3439;304
1;5;103;2;Y;;1380;;302B;305
1;5;104;2;Y;;1380;;3324;306
1;5;105;2;Y;;1380;;3363;307
1;5;106;2;Y;;1380;;330A;308
1;5;107;2;Y;;1380;;306C;309
1;5;108;2;Y;;1380;;304F;310
1;5;109;2;Y;;1380;;3122;311
1;5;110;2;Y;;1380;;313A;312
1;5;111;2;Y;;1380;;3071;313
1;5;112;2;Y;;1380;;2F96;314
1;5;113;2;Y;;1380;;3323;315
1;5;114;2;Y;;1380;;2FCF;316
1;5;115;2;Y;;1380;;3418;317
1;5;116;2;Y;;1380;;3103;318
1;5;117;2;Y;;1380;;3124;319
1;5;118;2;Y;;1380;;3321;320
1;5;119;2;Y;;1380;;3462;321
1;5;120;2;Y;;1380;;303B;322
1;5;121;2;Y;;1380;;3035;323
1;5;122;2;Y;;1380;;3400;324
1;5;123;2;Y;;1380;;3351;325
1;5;124;2;Y;;1380;;345C;326
1;5;125;2;Y;;1380;;3312;327
1;5;126;2;Y;;1380;;309A;328
1;5;127;2;Y;;1380;;312E;329
1;5;128;2;Y;;1380;;3364;330
1;5;129;2;Y;;1380;;3358;331
1;5;130;2;Y;;1380;;2FCD;332
1;5;131;2;Y;;1380;;2F8D;333
1;5;132;2;Y;;1380;;307C;334
1;5;133;2;Y;;1380;;3050;335
1;5;134;2;Y;;1380;;332E;336
1;5;135;2;Y;;1380;;3042;337
1;5;136;2;Y;;1380;;3419;338
1;5;137;2;Y;;1380;;3115;339
1;5;138;2;Y;;1380;;3435;340
1;5;139;2;Y;;1380;;345B;341
1;5;140;2;Y;;1380;;3108;342
1;5;141;2;Y;;1380;;310B;343
1;5;142;2;Y;;1380;;3473;344
1;5;143;2;Y;;1380;;3087;345
1;5;144;2;Y;;1380;;335F;346
1;5;145;2;Y;;1380;;2487;347
1;5;146;2;Y;;1380;;346A;348
1;5;147;2;Y;;1380;;3471;349
1;5;148;2;Y;;1380;;3413;350
1;5;149;2;Y;;1380;;3402;351
1;5;150;2;Y;;1380;;346F;352
1;5;151;2;Y;;1380;;3113;353
1;5;152;2;Y;;1380;;2F91;354
1;5;153;2;Y;;1380;;3466;355
1;5;154;2;Y;;1380;;2FDA;356
1;5;155;2;Y;;1380;;3075;357
1;5;156;2;Y;;1380;;2FC9;358
1;5;157;2;Y;;1380;;3077;359
1;5;158;2;Y;;1380;;346C;360
1;5;159;2;Y;;1380;;3049;361
1;5;160;2;Y;;1380;;3126;362
1;5;161;2;Y;;1380;;3322;363
1;5;162;2;Y;;1380;;307E;364
1;5;163;2;Y;;1380;;10E2;365
1;5;164;2;Y;;1380;;3470;366
1;5;165;2;Y;;1380;;3366;367
1;5;166;2;Y;;1380;;3072;368
1;5;167;2;Y;;1380;;3411;369
1;5;168;2;Y;;1380;;307F;370
1;5;169;2;Y;;1380;;335C;371
1;5;170;2;Y;;1380;;330B;372
1;5;171;2;Y;;1380;;3465;373
1;5;172;2;Y;;1380;;3093;374
1;5;173;2;Y;;1380;;3038;375
1;5;174;2;Y;;1380;;340A;376
1;5;175;2;Y;;1380;;3485;377
1;5;176;2;Y;;1380;;3121;378
1;5;177;2;Y;;1380;;3120;379
1;5;178;2;Y;;1380;;331E;380
1;5;179;2;Y;;1380;;3061;381
1;5;180;2;Y;;1380;;332D;382
1;5;181;2;Y;;1380;;3129;383
1;5;182;2;Y;;1380;;310F;384
1;5;183;2;Y;;1380;;3461;385
1;5;184;2;Y;;1380;;307D;386
1;5;185;2;Y;;1380;;308D;387
1;5;186;2;Y;;1380;;2FF4;388
1;5;187;2;Y;;1380;;309D;389
1;5;188;2;Y;;1380;;3111;390
1;5;189;2;Y;;1380;;3134;391
1;5;190;2;Y;;1380;;3354;392
1;5;191;2;Y;;1380;;3048;393
1;5;192;2;Y;;1380;;345F;394
1;5;193;2;Y;;1380;;3437;395
1;5;194;2;Y;;1380;;3102;396
1;5;195;2;Y;;1380;;341C;397
1;5;196;2;Y;;1380;;2F89;398
1;5;197;2;Y;;1380;;3425;399
1;5;198;2;Y;;1380;;3112;400
1;5;199;2;Y;;1380;;3311;401
1;5;200;2;Y;;1380;;3032;402
1;5;201;2;Y;;1380;;305E;403
1;5;202;2;Y;;1380;;3118;404
1;5;203;2;Y;;1380;;3345;405
1;5;204;2;Y;;1380;;2FB8;406
1;5;205;2;Y;;1380;;3319;407
1;5;206;2;Y;;1380;;3109;408
1;5;207;2;Y;;1380;;308F;409
1;5;208;2;Y;;1380;;3359;410
1;5;209;2;Y;;1380;;3347;411
1;5;210;2;Y;;1380;;334E;412
1;5;211;2;Y;;1380;;2FD4;413
1;5;212;2;Y;;1380;;2FD5;414
1;5;213;2;Y;;1380;;346B;415
1;5;214;2;Y;;1380;;3041;416
1;5;215;2;Y;;1380;;2F8B;417
1;5;216;2;Y;;1380;;3336;418
1;5;217;2;Y;;1380;;341E;419
1;5;218;2;Y;;1380;;3096;420
1;5;219;2;Y;;1380;;310C;421
1;5;220;2;Y;;1380;;3467;422
1;5;221;2;Y;;1380;;3426;423
1;5;222;2;Y;;1380;;2F9C;424
1;5;223;2;Y;;1380;;3361;425
1;5;224;2;Y;;1380;;3469;426
1;5;225;2;Y;;1380;;302C;427
1;5;226;2;Y;;1380;;412C;428
1;5;227;2;Y;;1380;;412B;429
1;6;0;1;N;;1500;;;430
1;6;1;2;Y;;1500;;3420;431
1;6;2;2;Y;;1500;;4124;432
1;6;3;2;Y;;1500;;3479;433
1;7;0;1;N;;1601;;;434
1;7;1;2;Y;;1601;;230A;435
1;7;2;2;Y;;1601;;3368;436
1;7;3;2;Y;;1601;;3600;437
1;7;4;2;Y;;1601;;342E;438
1;7;5;2;Y;;1601;;340C;439
1;7;6;2;Y;;1601;;340B;440
1;7;7;2;Y;;1601;;342C;441
1;7;8;2;Y;;1601;;304E;442
1;8;0;1;N;;1680;;;443
1;8;1;2;Y;;1680;;340D;444
1;8;2;2;Y;;1680;;3604;445
1;8;3;2;Y;;1680;;2FCB;446
1;8;4;2;Y;;1680;;2F95;447
1;8;5;2;Y;;1680;;3609;448
1;8;6;2;Y;;1680;;3409;449
1;8;7;2;Y;;1680;;3056;450
1;8;8;2;Y;;1680;;3489;451
1;8;9;2;Y;;1680;;3430;452
1;8;10;2;Y;;1680;;3069;453
1;8;11;2;Y;;1680;;3057;454
1;8;12;2;Y;;1680;;3068;455
1;8;13;2;Y;;1680;;8008;456
1;8;14;2;Y;;1680;;3059;457
1;8;15;2;Y;;1680;;3046;458
1;8;16;2;Y;;1680;;3058;459
2;0;0;0;N;;;;;460
2;1;0;1;N;;;;;461
2;2;0;1;N;;2080;;;462
2;2;1;2;Y;;2080;;2F40;463
2;2;2;2;Y;;2080;;2F12;464
2;2;3;2;Y;;2080;;2F08;465
2;2;4;2;Y;;2080;;2F3B;466
2;2;5;2;Y;;2080;;2F17;467
2;2;6;2;Y;;2080;;2F66;468
2;2;7;2;Y;;2080;;2F65;469
2;2;8;2;Y;;2080;;2F37;470
2;2;9;2;Y;;2080;;221C;471
2;2;10;2;Y;;2080;;2F41;472
2;2;11;2;Y;;2080;;2FC2;473
2;2;12;2;Y;;2080;;2F39;474
2;2;13;2;Y;;2080;;411E;475
2;2;14;2;Y;;2080;;2F3A;476
2;2;15;2;Y;;2080;;2F09;477
2;2;16;2;Y;;2080;;2222;478
2;2;17;2;Y;;2080;;2219;479
2;2;18;2;Y;;2080;;2F3F;480
2;2;19;2;Y;;2080;;2FC0;481
2;3;0;1;N;;2200;;;482
2;3;1;2;Y;;2200;;2F36;483
2;3;2;2;Y;;2200;;2F15;484
2;3;3;2;Y;;2200;;2F2A;485
2;3;4;2;Y;;2200;;2F31;486
2;3;5;2;Y;;2200;;2F56;487
2;3;6;2;Y;;2200;;2F2E;488
2;3;7;2;Y;;2200;;2F20;489
2;3;8;2;Y;;2200;;2F22;490
2;3;9;2;Y;;2200;;2F3C;491
2;3;10;2;Y;;2200;;2F62;492
2;3;11;2;Y;;2200;;2F23;493
2;3;12;2;Y;;2200;;2F4D;494
2;3;13;2;Y;;2200;;2F6B;495
2;3;14;2;Y;;2200;;2F5A;496
2;3;15;2;Y;;2200;;2F29;497
2;3;16;2;Y;;2200;;2F2B;498
2;3;17;2;Y;;2200;;2F14;499
2;3;18;2;Y;;2200;;2F48;500
2;3;19;2;Y;;2200;;2F2C;501
2;3;20;2;Y;;2200;;2F5B;502
2;3;21;2;Y;;2200;;2216;503
2;3;22;2;Y;;2200;;2F34;504
2;3;23;2;Y;;2200;;2F27;505
2;3;24;2;Y;;2200;;2F05;506
2;3;25;2;Y;;2200;;2F59;507
2;3;26;2;Y;;2200;;2F28;508
2;3;27;2;Y;;2200;;2F43;509
2;3;28;2;Y;;2200;;220E;510
2;3;29;2;Y;;2200;;2F63;511
2;3;30;2;Y;;2200;;2F47;512
2;3;31;2;Y;;2200;;2F4E;513
2;3;32;2;Y;;2200;;2F2D;514
2;3;33;2;Y;;2200;;2F18;515
2;3;34;2;Y;;2200;;2F51;516
2;3;35;2;Y;;2200;;2F52;517
2;3;36;2;Y;;2200;;2F4C;518
2;3;37;2;Y;;2200;;2F5F;519
2;3;38;2;Y;;2200;;2F24;520
2;3;39;2;Y;;2200;;2F4F;521
2;3;40;2;Y;;2200;;2F3D;522
2;3;41;2;Y;;2200;;2201;523
2;3;42;2;Y;;2200;;2F53;524
2;3;43;2;Y;;2200;;2F1F;525
2;3;44;2;Y;;2200;;2F1A;526
2;3;45;2;Y;;2200;;2F69;527
2;3;46;2;Y;;2200;;2F57;528
2;3;47;2;Y;;2200;;2F35;529
2;3;48;2;Y;;2200;;2F1D;530
2;3;49;2;Y;;2200;;2F1C;531
2;3;50;2;Y;;2200;;2F64;532
2;3;51;2;Y;;2200;;2F5C;533
2;3;52;2;Y;;2200;;2F5D;534
2;3;53;2;Y;;2200;;2F21;535
2;3;54;2;Y;;2200;;2F1E;536
2;3;55;2;Y;;2200;;2F13;537
2;3;56;2;Y;;2200;;2F25;538
2;3;57;2;Y;;2200;;2F54;539
2;3;58;2;Y;;2200;;34CE;540
2;3;59;2;Y;;2200;;2F2F;541
2;3;60;2;Y;;2200;;2F55;542
2;3;61;2;Y;;2200;;2F50;543
2;3;62;2;Y;;2200;;2F66;544
2;3;63;2;Y;;2200;;2F33;545
2;3;64;2;Y;;2200;;2F26;546
2;3;65;2;Y;;2200;;2F4B;547
2;3;66;2;Y;;2200;;2F58;548
2;3;67;2;Y;;2200;;2F5E;549
2;3;68;2;Y;;2200;;2F61;550
2;3;69;2;Y;;2200;;2F32;551
2;3;70;2;Y;;2200;;2F30;552
2;3;71;2;Y;;2200;;221B;553
2;4;0;1;N;;2100;;;554
2;4;1;2;Y;;2100;;2F38;555
2;4;2;2;Y;;2100;;2F70;556
2;4;3;2;Y;;2100;;2219;557
2;4;4;2;Y;;2100;;2F36;558
2;4;5;2;Y;;2100;;411E;559
2;4;6;2;Y;;2100;;2F4F;560
2;4;7;2;Y;;2100;;2F6B;561
2;4;8;2;Y;;2100;;2220;562
2;4;9;2;Y;;2100;;221E;563
2;4;10;2;Y;;2100;;2F79;564
2;4;11;2;Y;;2100;;221C;565
2;4;12;2;Y;;2100;;2F05;566
2;4;13;2;Y;;2100;;2FC3;567
2;4;14;2;Y;;2100;;2F18;568
2;4;15;2;Y;;2100;;2F1B;569
2;4;16;2;Y;;2100;;2217;570
2;4;17;2;Y;;2100;;2F60;571
2;4;18;2;Y;;2100;;2F65;572
2;4;19;2;Y;;2100;;2F43;573
2;4;20;2;Y;;2100;;2F45;574
2;4;21;2;Y;;2100;;2F16;575
2;4;22;2;Y;;2100;;2F12;576
2;4;23;2;Y;;2100;;2F6A;577
2;4;24;2;Y;;2100;;2F06;578
2;4;25;2;Y;;2100;;2F66;579
2;4;26;2;Y;;2100;;2F49;580
2;4;27;2;Y;;2100;;2222;581
2;4;28;2;Y;;2100;;2F6D;582
2;4;29;2;Y;;2100;;2F10;583
2;4;30;2;Y;;2100;;2F67;584
2;4;31;2;Y;;2100;;2F4A;585
2;4;32;2;Y;;2100;;2212;586
2;4;33;2;Y;;2100;;2F07;587
2;4;34;2;Y;;2100;;2F46;588
2;4;35;2;Y;;2100;;348C;589
2;4;36;2;Y;;2100;;2F41;590
2;4;37;2;Y;;2100;;2F03;591
2;4;38;2;Y;;2100;;2F04;592
2;4;39;2;Y;;2100;;2F4D;593
2;4;40;2;Y;;2100;;2F37;594
2;4;41;2;Y;;2100;;221D;595
2;4;42;2;Y;;2100;;2F6F;596
2;4;43;2;Y;;2100;;2F57;597
2;4;44;2;Y;;2100;;2F6C;598
2;4;45;2;Y;;2100;;2FBF;599
2;4;46;2;Y;;2100;;2F6E;600
2;4;47;2;Y;;2100;;2F69;601
2;4;48;2;Y;;2100;;2F42;602
2;4;49;2;Y;;2100;;2F47;603
2;4;50;2;Y;;2100;;2F44;604
2;4;51;2;Y;;2100;;2F20;605
2;4;52;2;Y;;2100;;2F3F;606
2;4;53;2;Y;;2100;;2FC2;607
2;4;54;2;Y;;2100;;2214;608
2;4;55;2;Y;;2100;;2F71;609
2;4;56;2;Y;;2100;;2F17;610
2;4;57;2;Y;;2100;;2F68;611
2;4;58;2;Y;;2100;;2221;612
2;4;59;2;Y;;2100;;2F4B;613
2;5;0;1;N;;2300;;;614
2;5;1;2;Y;;2300;;2302;615
2;5;2;2;Y;;2300;;2FC6;616
2;5;3;2;Y;;2300;;2306;617
2;5;4;2;Y;;2300;;2307;618
2;5;5;2;Y;;2300;;2300;619
2;5;6;2;Y;;2300;;411E;620
2;5;7;2;Y;;2300;;230B;621
2;5;8;2;Y;;2300;;2FBB;622
2;6;0;1;N;;2380;;;623
2;6;1;2;Y;;2380;;349F;624
2;6;2;2;Y;;2380;;2211;625
2;6;3;2;Y;;2380;;227A;626
2;6;4;2;Y;;2380;;224D;627
2;6;5;2;Y;;2380;;225F;628
2;6;6;2;Y;;2380;;34AB;629
2;6;7;2;Y;;2380;;348A;630
2;6;8;2;Y;;2380;;2269;631
2;6;9;2;Y;;2380;;2277;632
2;6;10;2;Y;;2380;;2261;633
2;6;11;2;Y;;2380;;3494;634
2;6;12;2;Y;;2380;;349E;635
2;6;13;2;Y;;2380;;34BF;636
2;6;14;2;Y;;2380;;3497;637
2;6;15;2;Y;;2380;;2265;638
2;6;16;2;Y;;2380;;349C;639
2;6;17;2;Y;;2380;;34A0;640
2;6;18;2;Y;;2380;;34A8;641
2;6;19;2;Y;;2380;;2252;642
2;6;20;2;Y;;2380;;2254;643
2;6;21;2;Y;;2380;;34BD;644
2;6;22;2;Y;;2380;;226B;645
2;6;23;2;Y;;2380;;3498;646
2;6;24;2;Y;;2380;;2253;647
2;6;25;2;Y;;2380;;349B;648
2;6;26;2;Y;;2380;;34A3;649
2;6;27;2;Y;;2380;;224E;650
2;6;28;2;Y;;2380;;34A9;651
2;6;29;2;Y;;2380;;34AA;652
2;6;30;2;Y;;2380;;34CD;653
2;6;31;2;Y;;2380;;34A4;654
2;6;32;2;Y;;2380;;34A7;655
2;6;33;2;Y;;2380;;34D0;656
2;6;34;2;Y;;2380;;224F;657
2;6;35;2;Y;;2380;;349A;658
2;6;36;2;Y;;2380;;34A6;659
2;6;37;2;Y;;2380;;34AC;660
2;6;38;2;Y;;2380;;2251;661
2;6;39;2;Y;;2380;;3480;662
2;6;40;2;Y;;2380;;2267;663
2;6;41;2;Y;;2380;;3488;664
2;6;42;2;Y;;2380;;2278;665
2;6;43;2;Y;;2380;;2FA9;666
2;6;44;2;Y;;2380;;2FBE;667
2;6;45;2;Y;;2380;;2268;668
2;6;46;2;Y;;2380;;3493;669
2;6;47;2;Y;;2380;;2263;670
2;6;48;2;Y;;2380;;3496;671
2;6;49;2;Y;;2380;;3487;672
2;6;50;2;Y;;2380;;2201;673
2;6;51;2;Y;;2380;;34AE;674
2;6;52;2;Y;;2380;;2255;675
2;6;53;2;Y;;2380;;3482;676
2;6;54;2;Y;;2380;;3492;677
2;6;55;2;Y;;2380;;2FC4;678
2;6;56;2;Y;;2380;;34A2;679
2;6;57;2;Y;;2380;;3499;680
2;6;58;2;Y;;2380;;34B0;681
2;6;59;2;Y;;2380;;349D;682
2;6;60;2;Y;;2380;;3495;683
2;6;61;2;Y;;2380;;2256;684
2;6;62;2;Y;;2380;;34A1;685
2;6;63;2;Y;;2380;;34CF;686
2;6;64;2;Y;;2380;;34A5;687
2;7;0;1;N;;2400;;;688
2;7;1;2;Y;;2400;;34CF;689
2;7;2;2;Y;;2400;;3480;690
2;7;3;2;Y;;2400;;2400;691
2;8;0;1;N;;2500;;;692
2;8;1;2;Y;;2500;;342E;693
2;8;2;2;Y;;2500;;340B;694
2;8;3;2;Y;;2500;;3368;695
2;8;4;2;Y;;2500;;3600;696
2;8;5;2;Y;;2500;;2208;697
2;8;6;2;Y;;2500;;340C;698
2;8;7;2;Y;;2500;;220B;699
2;9;0;1;N;;2580;;;700
2;9;1;2;Y;;2580;;2488;701
2;9;2;2;Y;;2580;;2486;702
2;9;3;2;Y;;2580;;2206;703
2;9;4;2;Y;;2580;;411D;704
2;9;5;2;Y;;2580;;2502;705
2;9;6;2;Y;;2580;;2481;706
2;9;7;2;Y;;2580;;2487;707
2;9;8;2;Y;;2580;;248D;708
2;9;9;2;Y;;2580;;248B;709
2;9;10;2;Y;;2580;;3132;710
2;9;11;2;Y;;2580;;2207;711
2;9;12;2;Y;;2580;;2FF2;712
2;9;13;2;Y;;2580;;2484;713
2;9;14;2;Y;;2580;;2503;714
2;9;15;2;Y;;2580;;2485;715
2;9;16;2;Y;;2580;;2483;716
2;9;17;2;Y;;2580;;248A;717
2;9;18;2;Y;;2580;;248C;718
2;9;19;2;Y;;2580;;248E;719
2;9;20;2;Y;;2580;;2489;720
2;9;21;2;Y;;2580;;2482;721
2;9;22;2;Y;;2580;;340E;722
2;9;23;2;Y;;2580;;342D;723
2;9;24;2;Y;;2580;;3427;724
2;10;0;1;N;;2600;;;725
2;11;0;1;N;;2680;;;726
2;12;0;1;N;;2700;;;727
2;12;1;2;Y;;2700;;34B1;728
2;13;0;1;N;;2800;;;729
2;13;1;2;Y;;2800;;4075;730
2;13;2;2;Y;;2800;;2F7C;731
2;13;3;2;Y;;2800;;2F7D;732
2;13;4;2;Y;;2800;;2F7B;733
2;13;5;2;Y;;2800;;2F82;734
2;13;6;2;Y;;2800;;2F7F;735
2;13;7;2;Y;;2800;;2F75;736
2;13;8;2;Y;;2800;;2F72;737
2;13;9;2;Y;;2800;;2F7E;738
2;13;10;2;Y;;2800;;2F7A;739
2;13;11;2;Y;;2800;;2F80;740
2;13;12;2;Y;;2800;;2F83;741
2;13;13;2;Y;;2800;;2F84;742
2;13;14;2;Y;;2800;;2F81;743
2;13;15;2;Y;;2800;;2F85;744
2;13;16;2;Y;;2800;;2FAF;745
2;13;17;2;Y;;2800;;2210;746
2;14;0;1;N;;2980;;;747
2;14;1;2;Y;;2980;;2FBA;748
2;14;2;2;Y;;2980;;220F;749
2;14;3;2;Y;;2980;;2277;750
2;14;4;2;Y;;2980;;2268;751
2;14;5;2;Y;;2980;;2240;752
2;14;6;2;Y;;2980;;227C;753
2;14;7;2;Y;;2980;;2260;754
2;14;8;2;Y;;2980;;3490;755
2;14;9;2;Y;;2980;;34BB;756
2;14;10;2;Y;;2980;;34C1;757
2;14;11;2;Y;;2980;;2265;758
2;14;12;2;Y;;2980;;2202;759
2;14;13;2;Y;;2980;;34BA;760
2;14;14;2;Y;;2980;;2261;761
2;14;15;2;Y;;2980;;34AA;762
2;14;16;2;Y;;2980;;230C;763
2;14;17;2;Y;;2980;;348F;764
2;14;18;2;Y;;2980;;34BC;765
2;14;19;2;Y;;2980;;34BE;766
2;14;20;2;Y;;2980;;225C;767
2;14;21;2;Y;;2980;;220C;768
2;14;22;2;Y;;2980;;227B;769
2;15;0;1;N;;2A00;;;770
2;15;1;2;Y;;2A00;;225B;771
2;15;2;2;Y;;2A00;;226A;772
2;15;3;2;Y;;2A00;;34BA;773
2;15;4;2;Y;;2A00;;226D;774
2;15;5;2;Y;;2A00;;2262;775
2;15;6;2;Y;;2A00;;226C;776
2;15;7;2;Y;;2A00;;2269;777
2;15;8;2;Y;;2A00;;34B6;778
2;15;9;2;Y;;2A00;;2271;779
2;15;10;2;Y;;2A00;;2260;780
2;15;11;2;Y;;2A00;;34B7;781
2;15;12;2;Y;;2A00;;226B;782
2;15;13;2;Y;;2A00;;2241;783
2;15;14;2;Y;;2A00;;2257;784
2;15;15;2;Y;;2A00;;225D;785
2;15;16;2;Y;;2A00;;225A;786
2;15;17;2;Y;;2A00;;34B8;787
2;15;18;2;Y;;2A00;;34B2;788
2;15;19;2;Y;;2A00;;2266;789
2;15;20;2;Y;;2A00;;2265;790
2;15;21;2;Y;;2A00;;34AA;791
2;15;22;2;Y;;2A00;;2264;792
2;15;23;2;Y;;2A00;;2258;793
2;15;24;2;Y;;2A00;;2272;794
2;15;25;2;Y;;2A00;;226F;795
2;15;26;2;Y;;2A00;;225C;796
2;15;27;2;Y;;2A00;;2270;797
2;15;28;2;Y;;2A00;;225E;798
2;15;29;2;Y;;2A00;;2261;799
2;15;30;2;Y;;2A00;;348E;800
2;15;31;2;Y;;2A00;;2259;801
2;15;32;2;Y;;2A00;;226E;802
2;15;33;2;Y;;2A00;;2268;803
2;15;34;2;Y;;2A00;;34B5;804
2;16;0;1;N;;2A80;;;805
2;16;1;2;Y;;2A80;;2242;806
2;16;2;2;Y;;2A80;;34AF;807
2;16;3;2;Y;;2A80;;2205;808
2;16;4;2;Y;;2A80;;2FB9;809
2;16;5;2;Y;;2A80;;2276;810
2;16;6;2;Y;;2A80;;2274;811
2;16;7;2;Y;;2A80;;2272;812
2;17;0;1;N;;2B00;;;813
2;18;0;1;N;;2B01;;;814
2;19;0;1;N;;2B80;F001;;815
2;19;1;2;Y;;2B80;F001;2243;816
2;19;2;2;Y;;2B80;F001;2250;817
2;20;0;1;N;;2C00;;;818
2;20;1;2;Y;;2C00;;2F78;819
2;20;2;2;Y;;2C00;;2FA7;820
2;20;3;2;Y;;2C00;;8009;821
2;20;4;2;Y;;2C00;;2F77;822
2;20;5;2;Y;;2C00;;2224;823
2;21;0;1;N;;2C80;;;824
2;21;1;2;Y;;2C80;;3486;825
2;21;2;2;Y;;2C80;;2F74;826
2;21;3;2;Y;;2C80;;2201;827
2;21;4;2;Y;;2C80;;230E;828
2;21;5;2;Y;;2C80;;230F;829
2;21;6;2;Y;;2C80;;3484;830
2;21;7;2;Y;;2C80;;230D;831
2;22;0;1;N;;2E80;F003;;832
2;23;0;1;N;;2F00;;;833
2;23;1;2;Y;;2F00;;2FBB;834
2;23;2;2;Y;;2F00;;2F19;835
2;23;3;2;Y;;2F00;;2302;836
2;23;4;2;Y;;2F00;;2FCA;837
2;23;5;2;Y;;2F00;;2F86;838
2;23;6;2;Y;;2F00;;2300;839
2;24;0;1;N;;2F80;;;840
2;24;1;2;Y;;2F80;;6404;841
2;24;2;2;Y;;2F80;;2309;842
2;24;3;2;Y;;2F80;;2302;843
2;24;4;2;Y;;2F80;;2238;844
2;24;5;2;Y;;2F80;;2239;845
2;24;6;2;Y;;2F80;;34D1;846
2;24;7;2;Y;;2F80;;2F02;847
2;24;8;2;Y;;2F80;;2F00;848
2;24;9;2;Y;;2F80;;2FCA;849
2;24;10;2;Y;;2F80;;2FBB;850
3;0;0;0;N;;;;;851
3;1;0;1;N;;;;;852
3;2;0;1;N;;44C4;4341;;853
3;2;1;2;Y;;44C4;4341;400C;854
3;3;0;1;N;;4489;;;855
3;3;1;2;Y;;4489;;404B;856
3;4;0;1;N;;;;;857
3;5;0;1;N;;;;;858
3;6;0;1;N;;4302;;;859
3;6;1;2;Y;;4302;;404A;860
3;7;0;1;N;;4280;;;861
3;7;1;2;Y;;4280;;8007;862
3;7;2;2;Y;;4280;;8005;863
3;7;3;2;Y;;4280;;8003;864
3;7;4;2;Y;;4280;;8004;865
3;7;5;2;Y;;4280;;2FC1;866
3;7;6;2;Y;;4280;;2FAA;867
3;7;7;2;Y;;4280;;400D;868
3;7;8;2;Y;;4280;;8006;869
3;7;9;2;Y;;4280;;3000;870
3;8;0;1;N;;4080;;;871
3;9;0;1;N;;4101;4102;;872
3;9;1;2;Y;;4101;4102;2FAD;873
3;9;2;2;Y;;4101;4102;2F01;874
3;9;3;2;Y;;4101;4102;2FB4;875
3;10;0;1;N;;4300;;;876
3;10;1;2;Y;;4300;;4139;877
3;10;2;2;Y;;4300;;403D;878
3;10;3;2;Y;;4300;;4028;879
3;10;4;2;Y;;4300;;4015;880
3;10;5;2;Y;;4300;;4137;881
3;10;6;2;Y;;4300;;2FB3;882
3;10;7;2;Y;;4300;;900D;883
3;10;8;2;Y;;4300;;412F;884
3;10;9;2;Y;;4300;;2FA3;885
3;10;10;2;Y;;4300;;400C;886
3;10;11;2;Y;;4300;;4032;887
3;10;12;2;Y;;4300;;4136;888
3;10;13;2;Y;;4300;;4005;889
3;10;14;2;Y;;4300;;348D;890
3;10;15;2;Y;;4300;;4023;891
3;10;16;2;Y;;4300;;4135;892
3;10;17;2;Y;;4300;;400D;893
3;10;18;2;Y;;4300;;4132;894
3;10;19;2;Y;;4300;;4007;895
3;10;20;2;Y;;4300;;4036;896
3;10;21;2;Y;;4300;;403E;897
3;10;22;2;Y;;4300;;4030;898
3;10;23;2;Y;;4300;;4041;899
3;10;24;2;Y;;4300;;2FAC;900
3;10;25;2;Y;;4300;;400F;901
3;10;26;2;Y;;4300;;4050;902
3;10;27;2;Y;;4300;;4130;903
3;10;28;2;Y;;4300;;2FB7;904
3;10;29;2;Y;;4300;;4043;905
3;10;30;2;Y;;4300;;4024;906
3;10;31;2;Y;;4300;;401A;907
3;10;32;2;Y;;4300;;4047;908
3;10;33;2;Y;;4300;;4133;909
3;10;34;2;Y;;4300;;4037;910
3;10;35;2;Y;;4300;;4022;911
3;10;36;2;Y;;4300;;4097;912
3;10;37;2;Y;;4300;;4046;913
3;10;38;2;Y;;4300;;4044;914
3;11;0;1;N;;4600;;;915
4;0;0;0;N;;;;;916
4;1;0;1;N;;;;;917
4;2;0;1;N;;;;;918
4;3;0;1;N;;5080;;;919
4;3;1;2;Y;;5080;;1087;920
4;3;2;2;Y;;5080;;4084;921
4;3;3;2;Y;;5080;;1007;922
4;3;4;2;Y;;5080;;410E;923
4;3;5;2;Y;;5080;;100F;924
4;3;6;2;Y;;5080;;405B;925
4;3;7;2;Y;;5080;;408E;926
4;3;8;2;Y;;5080;;1013;927
4;3;9;2;Y;;5080;;100E;928
4;3;10;2;Y;;5080;;10B8;929
4;3;11;2;Y;;5080;;4063;930
4;3;12;2;Y;;5080;;109F;931
4;3;13;2;Y;;5080;;1011;932
4;3;14;2;Y;;5080;;107A;933
4;3;15;2;Y;;5080;;103C;934
4;3;16;2;Y;;5080;;1004;935
4;3;17;2;Y;;5080;;1034;936
4;3;18;2;Y;;5080;;104E;937
4;3;19;2;Y;;5080;;1027;938
4;3;20;2;Y;;5080;;1033;939
4;4;0;1;N;;5380;;;940
4;4;1;2;Y;;5380;;10A7;941
4;4;2;2;Y;;5380;;4101;942
4;4;3;2;Y;;5380;;3033;943
4;4;4;2;Y;;5380;;410C;944
4;4;5;2;Y;;5380;;10E7;945
4;4;6;2;Y;;5380;;1090;946
4;4;7;2;Y;;5380;;105F;947
4;4;8;2;Y;;5380;;1098;948
4;4;9;2;Y;;5380;;1059;949
4;4;10;2;Y;;5380;;1085;950
4;4;11;2;Y;;5380;;407F;951
4;4;12;2;Y;;5380;;1023;952
4;4;13;2;Y;;5380;;1025;953
4;4;14;2;Y;;5380;;1061;954
4;4;15;2;Y;;5380;;106C;955
4;4;16;2;Y;;5380;;105A;956
4;4;17;2;Y;;5380;;1063;957
4;4;18;2;Y;;5380;;4061;958
4;4;19;2;Y;;5380;;10DC;959
4;4;20;2;Y;;5380;;410E;960
4;4;21;2;Y;;5380;;105E;961
4;4;22;2;Y;;5380;;1058;962
4;4;23;2;Y;;5380;;108F;963
4;4;24;2;Y;;5380;;1084;964
4;4;25;2;Y;;5380;;4118;965
4;4;26;2;Y;;5380;;1015;966
4;4;27;2;Y;;5380;;105D;967
4;4;28;2;Y;;5380;;3408;968
4;4;29;2;Y;;5380;;1081;969
4;4;30;2;Y;;5380;;109E;970
4;4;31;2;Y;;5380;;1096;971
4;4;32;2;Y;;5380;;1007;972
4;4;33;2;Y;;5380;;1039;973
4;4;34;2;Y;;5380;;1060;974
4;4;35;2;Y;;5380;;1094;975
4;4;36;2;Y;;5380;;2FD1;976
4;4;37;2;Y;;5380;;4065;977
4;4;38;2;Y;;5380;;10B4;978
4;4;39;2;Y;;5380;;4115;979
4;4;40;2;Y;;5380;;4070;980
4;4;41;2;Y;;5380;;406E;981
4;4;42;2;Y;;5380;;105C;982
4;4;43;2;Y;;5380;;106A;983
4;4;44;2;Y;;5380;;4062;984
4;4;45;2;Y;;5380;;4087;985
4;4;46;2;Y;;5380;;10E6;986
4;4;47;2;Y;;5380;;410D;987
4;4;48;2;Y;;5380;;1068;988
4;4;49;2;Y;;5380;;1062;989
4;4;50;2;Y;;5380;;1064;990
4;4;51;2;Y;;5380;;1067;991
4;4;52;2;Y;;5380;;406B;992
4;4;53;2;Y;;5380;;1036;993
4;4;54;2;Y;;5380;;4107;994
4;4;55;2;Y;;5380;;405B;995
4;4;56;2;Y;;5380;;1055;996
4;4;57;2;Y;;5380;;1092;997
4;4;58;2;Y;;5380;;4053;998
4;4;59;2;Y;;5380;;10A6;999
4;4;60;2;Y;;5380;;108B;1000
4;4;61;2;Y;;5380;;10A4;1001
4;4;62;2;Y;;5380;;1087;1002
4;4;63;2;Y;;5380;;4102;1003
4;4;64;2;Y;;5380;;103B;1004
4;4;65;2;Y;;5380;;4068;1005
4;4;66;2;Y;;5380;;4056;1006
4;4;67;2;Y;;5380;;4063;1007
4;4;68;2;Y;;5380;;1069;1008
4;4;69;2;Y;;5380;;104A;1009
4;4;70;2;Y;;5380;;1091;1010
4;4;71;2;Y;;5380;;109C;1011
4;4;72;2;Y;;5380;;1099;1012
4;4;73;2;Y;;5380;;1026;1013
4;4;74;2;Y;;5380;;1302;1014
4;4;75;2;Y;;5380;;101A;1015
4;4;76;2;Y;;5380;;108E;1016
4;4;77;2;Y;;5380;;4069;1017
4;4;78;2;Y;;5380;;104E;1018
4;4;79;2;Y;;5380;;4114;1019
4;4;80;2;Y;;5380;;1038;1020
4;4;81;2;Y;;5380;;10B3;1021
4;4;82;2;Y;;5380;;100E;1022
4;4;83;2;Y;;5380;;103A;1023
4;4;84;2;Y;;5380;;411B;1024
4;4;85;2;Y;;5380;;1079;1025
4;4;86;2;Y;;5380;;1012;1026
4;4;87;2;Y;;5380;;1024;1027
4;4;88;2;Y;;5380;;101D;1028
4;4;89;2;Y;;5380;;4059;1029
4;4;90;2;Y;;5380;;1088;1030
4;4;91;2;Y;;5380;;10C3;1031
4;4;92;2;Y;;5380;;106E;1032
4;4;93;2;Y;;5380;;1031;1033
4;4;94;2;Y;;5380;;4058;1034
4;4;95;2;Y;;5380;;411A;1035
4;4;96;2;Y;;5380;;1014;1036
4;4;97;2;Y;;5380;;309E;1037
4;4;98;2;Y;;5380;;1035;1038
4;4;99;2;Y;;5380;;101C;1039
4;4;100;2;Y;;5380;;4057;1040
4;4;101;2;Y;;5380;;106B;1041
4;4;102;2;Y;;5380;;407E;1042
4;4;103;2;Y;;5380;;1006;1043
4;4;104;2;Y;;5380;;405F;1044
4;4;105;2;Y;;5380;;1034;1045
4;4;106;2;Y;;5380;;4060;1046
4;4;107;2;Y;;5380;;10CF;1047
4;4;108;2;Y;;5380;;107D;1048
4;4;109;2;Y;;5380;;1016;1049
4;4;110;2;Y;;5380;;1053;1050
4;4;111;2;Y;;5380;;10A8;1051
4;4;112;2;Y;;5380;;10A5;1052
4;4;113;2;Y;;5380;;4054;1053
4;4;114;2;Y;;5380;;1010;1054
4;4;115;2;Y;;5380;;4104;1055
4;4;116;2;Y;;5380;;1004;1056
4;4;117;2;Y;;5380;;310C;1057
4;4;118;2;Y;;5380;;406A;1058
4;4;119;2;Y;;5380;;3404;1059
4;4;120;2;Y;;5380;;4084;1060
4;4;121;2;Y;;5380;;10E5;1061
4;4;122;2;Y;;5380;;4109;1062
4;4;123;2;Y;;5380;;4067;1063
4;4;124;2;Y;;5380;;100F;1064
4;4;125;2;Y;;5380;;405C;1065
4;4;126;2;Y;;5380;;1032;1066
4;4;127;2;Y;;5380;;405E;1067
4;4;128;2;Y;;5380;;406F;1068
4;4;129;2;Y;;5380;;106F;1069
4;4;130;2;Y;;5380;;10D8;1070
4;4;131;2;Y;;5380;;1027;1071
4;5;0;1;N;;5400;;;1072
4;5;1;2;Y;;5400;;10BA;1073
5;0;0;0;N;;;;;1074
5;1;0;1;N;;;;;1075
5;2;0;1;N;;6081;6082;;1076
5;3;0;1;N;;6100;;;1077
5;4;0;1;N;;6180;;;1078
5;5;0;1;N;;6200;;;1079
5;6;0;1;N;;6280;;;1080
5;7;0;1;N;;6300;;;1081
5;7;1;2;Y;;6300;;2F88;1082
5;7;2;2;Y;;6300;;4071;1083
5;7;3;2;Y;;6300;;2F87;1084
5;7;4;2;Y;;6300;;34D2;1085
5;8;0;1;N;;6380;;;1086
5;9;0;1;N;;6500;;;1087
5;9;1;2;Y;;6500;;34CC;1088
5;9;2;2;Y;;6500;;8011;1089
5;9;3;2;Y;;6500;;348B;1090
5;9;4;2;Y;;6500;;800D;1091
5;9;5;2;Y;;6500;;800F;1092
5;9;6;2;Y;;6500;;4121;1093
5;9;7;2;Y;;6500;;411F;1094
5;9;8;2;Y;;6500;;2248;1095
5;9;9;2;Y;;6500;;4122;1096
5;9;10;2;Y;;6500;;4120;1097
5;9;11;2;Y;;6500;;8012;1098
5;9;12;2;Y;;6500;;8010;1099
5;9;13;2;Y;;6500;;2249;1100
5;9;14;2;Y;;6500;;800E;1101
5;10;0;1;N;;6580;;;1102
5;10;1;2;Y;;6580;;2244;1103
5;11;0;1;N;;6600;;;1104
5;12;0;1;N;;6680;;;1105
5;12;1;2;Y;;6680;;3420;1106
5;12;2;2;Y;;6680;;2246;1107
5;12;3;2;Y;;6680;;4123;1108
5;12;4;2;Y;;6680;;4106;1109
5;12;5;2;Y;;6680;;2245;1110
5;13;0;1;N;;6B00;;;1111
5;14;0;1;N;;6C00;;;1112
5;15;0;1;N;;6D00;;;1113
5;15;1;2;Y;;6D00;;4073;1114
5;15;2;2;Y;;6D00;;1072;1115
5;15;3;2;Y;;6D00;;2FBC;1116
5;15;4;2;Y;;6D00;;224B;1117
5;15;5;2;Y;;6D00;;4071;1118
5;15;6;2;Y;;6D00;;4072;1119
5;15;7;2;Y;;6D00;;224A;1120
5;15;8;2;Y;;6D00;;2247;1121
5;15;9;2;Y;;6D00;;1074;1122
5;15;10;2;Y;;6D00;;1071;1123
6;0;0;0;N;;;;;1124
6;1;0;1;N;;;;;1125
6;2;0;1;N;;7080;;;1126
6;3;0;1;N;;7100;;;1127
6;4;0;1;N;;7180;;;1128
6;5;0;1;N;;7201;;;1129
6;6;0;1;N;;7206;;;1130
6;6;1;2;Y;;7206;;7012;1131
6;6;2;2;Y;;7206;;7011;1132
6;6;3;2;Y;;7206;;7010;1133
6;7;0;1;N;;7280;;;1134
6;7;1;2;Y;;7280;;2210;1135
6;7;2;2;Y;;7280;;4076;1136
6;8;0;1;N;;7300;;;1137
6;9;0;1;N;;7380;;;1138
6;10;0;1;N;;7400;;;1139
6;11;0;1;N;;7480;;;1140
6;12;0;1;N;;7500;;;1141
6;13;0;1;N;;7580;;;1142
6;14;0;1;N;;7680;;;1143
6;15;0;1;N;;7880;;;1144
7;0;0;0;N;;;;;1145
7;1;0;1;N;;;;;1146
7;2;0;1;N;;8100;;;1147
7;3;0;1;N;;8180;;;1148
7;4;0;1;N;;8200;;;1149
7;4;1;2;Y;;8200;;2FF7;1150
7;4;2;2;Y;;8200;;2FFC;1151
7;4;3;2;Y;;8200;;2FFD;1152
7;4;4;2;Y;;8200;;2FFF;1153
7;4;5;2;Y;;8200;;2FF6;1154
7;4;6;2;Y;;8200;;2FFB;1155
7;4;7;2;Y;;8200;;2FFE;1156
7;4;8;2;Y;;8200;;2FFA;1157
7;4;9;2;Y;;8200;;2FF9;1158
7;4;10;2;Y;;8200;;2FF8;1159
7;5;0;1;N;;8080;;;1160
7;6;0;1;N;;8301;8302;;1161
7;7;0;1;N;;8380;8381;;1162
7;8;0;1;N;;8401;F00E;;1163
8;0;0;0;N;;;;;1164
8;1;0;1;N;;;;;1165
8;2;0;1;N;;9080;;;1166
8;3;0;1;N;;9800;;;1167
8;4;0;1;N;;9180;;;1168
8;5;0;1;N;;9200;;;1169
8;6;0;1;N;;9300;;;1170
8;7;0;1;N;;9380;;;1171
8;8;0;1;N;;9400;;;1172
8;9;0;1;N;;9500;;;1173
8;10;0;1;N;;9700;;;1174
9;0;0;0;N;;;;;1175
9;1;0;1;N;;;;;1176
9;2;0;1;N;;A080;;;1177
9;2;1;2;Y;;A080;;34C4;1178
9;2;2;2;Y;;A080;;34C2;1179
9;2;3;2;Y;;A080;;2F76;1180
9;2;4;2;Y;;A080;;34C3;1181
9;2;5;2;Y;;A080;;34C8;1182
9;2;6;2;Y;;A080;;34C7;1183
9;2;7;2;Y;;A080;;34C6;1184
9;2;8;2;Y;;A080;;34C5;1185
9;3;0;1;N;;A100;;;1186
9;3;1;2;Y;;A100;;2F73;1187
9;4;0;1;N;;A180;;;1188
9;4;1;2;Y;;A180;;6022;1189
9;4;2;2;Y;;A180;;604A;1190
9;4;3;2;Y;;A180;;604C;1191
9;4;4;2;Y;;A180;;6071;1192
9;4;5;2;Y;;A180;;6042;1193
9;4;6;2;Y;;A180;;6050;1194
9;4;7;2;Y;;A180;;6059;1195
9;4;8;2;Y;;A180;;6048;1196
9;4;9;2;Y;;A180;;606A;1197
9;4;10;2;Y;;A180;;6019;1198
9;4;11;2;Y;;A180;;6058;1199
9;4;12;2;Y;;A180;;603A;1200
9;4;13;2;Y;;A180;;606B;1201
9;4;14;2;Y;;A180;;600C;1202
9;4;15;2;Y;;A180;;606C;1203
9;4;16;2;Y;;A180;;602E;1204
9;4;17;2;Y;;A180;;6055;1205
9;4;18;2;Y;;A180;;6072;1206
9;4;19;2;Y;;A180;;6007;1207
9;4;20;2;Y;;A180;;6024;1208
9;4;21;2;Y;;A180;;603F;1209
9;4;22;2;Y;;A180;;606E;1210
9;4;23;2;Y;;A180;;6053;1211
9;4;24;2;Y;;A180;;6038;1212
9;4;25;2;Y;;A180;;6023;1213
9;4;26;2;Y;;A180;;6008;1214
9;4;27;2;Y;;A180;;605C;1215
9;4;28;2;Y;;A180;;6075;1216
9;4;29;2;Y;;A180;;6061;1217
9;4;30;2;Y;;A180;;6021;1218
9;4;31;2;Y;;A180;;6051;1219
9;4;32;2;Y;;A180;;6030;1220
9;4;33;2;Y;;A180;;6017;1221
9;4;34;2;Y;;A180;;6006;1222
9;4;35;2;Y;;A180;;601D;1223
9;4;36;2;Y;;A180;;2FC5;1224
9;4;37;2;Y;;A180;;604F;1225
9;4;38;2;Y;;A180;;6066;1226
9;4;39;2;Y;;A180;;603E;1227
9;4;40;2;Y;;A180;;603B;1228
9;4;41;2;Y;;A180;;6069;1229
9;4;42;2;Y;;A180;;604D;1230
9;4;43;2;Y;;A180;;6070;1231
9;4;44;2;Y;;A180;;6043;1232
9;4;45;2;Y;;A180;;604B;1233
9;4;46;2;Y;;A180;;6057;1234
9;4;47;2;Y;;A180;;600A;1235
9;4;48;2;Y;;A180;;6073;1236
9;4;49;2;Y;;A180;;6044;1237
9;4;50;2;Y;;A180;;603C;1238
9;4;51;2;Y;;A180;;606F;1239
9;4;52;2;Y;;A180;;601E;1240
9;4;53;2;Y;;A180;;6031;1241
9;4;54;2;Y;;A180;;6049;1242
9;4;55;2;Y;;A180;;6037;1243
9;4;56;2;Y;;A180;;6056;1244
9;4;57;2;Y;;A180;;6062;1245
9;4;58;2;Y;;A180;;6063;1246
9;4;59;2;Y;;A180;;6005;1247
9;4;60;2;Y;;A180;;6013;1248
9;4;61;2;Y;;A180;;603D;1249
9;4;62;2;Y;;A180;;601B;1250
9;4;63;2;Y;;A180;;6004;1251
9;4;64;2;Y;;A180;;605F;1252
9;4;65;2;Y;;A180;;6054;1253
9;4;66;2;Y;;A180;;601A;1254
9;4;67;2;Y;;A180;;605A;1255
9;4;68;2;Y;;A180;;6011;1256
9;4;69;2;Y;;A180;;6068;1257
9;4;70;2;Y;;A180;;6009;1258
9;4;71;2;Y;;A180;;606D;1259
9;4;72;2;Y;;A180;;6010;1260
9;4;73;2;Y;;A180;;601F;1261
9;4;74;2;Y;;A180;;602F;1262
9;4;75;2;Y;;A180;;6039;1263
9;4;76;2;Y;;A180;;6018;1264
9;4;77;2;Y;;A180;;602D;1265
9;4;78;2;Y;;A180;;605D;1266
9;4;79;2;Y;;A180;;6074;1267
9;4;80;2;Y;;A180;;605E;1268
9;4;81;2;Y;;A180;;6041;1269
9;4;82;2;Y;;A180;;6064;1270
9;4;83;2;Y;;A180;;6036;1271
9;4;84;2;Y;;A180;;605B;1272
9;4;85;2;Y;;A180;;6033;1273
9;4;86;2;Y;;A180;;600B;1274
9;4;87;2;Y;;A180;;6040;1275
9;4;88;2;Y;;A180;;6060;1276
9;4;89;2;Y;;A180;;6032;1277
9;4;90;2;Y;;A180;;6067;1278
9;4;91;2;Y;;A180;;604E;1279
9;4;92;2;Y;;A180;;6035;1280
9;4;93;2;Y;;A180;;6065;1281
9;4;94;2;Y;;A180;;6052;1282
9;4;95;2;Y;;A180;;6034;1283
9;4;96;2;Y;;A180;;6012;1284
9;5;0;1;N;;A380;F007;;1285
9;5;1;2;Y;;A380;F007;2FBD;1286
9;6;0;1;N;;A480;;;1287
9;6;1;2;Y;;A480;;6302;1288
9;6;2;2;Y;;A480;;6300;1289
9;6;3;2;Y;;A480;;2FA6;1290
9;6;4;2;Y;;A480;;6301;1291
9;6;5;2;Y;;A480;;3481;1292
9;7;0;1;N;;A600;;;1293
9;7;1;2;Y;;A600;;2310;1294
9;7;2;2;Y;;A600;;4081;1295
9;7;3;2;Y;;A600;;2311;1296
9;7;4;2;Y;;A600;;2312;1297
9;7;5;2;Y;;A600;;7003;1298
9;7;6;2;Y;;A600;;2313;1299
9;8;0;1;N;;A700;;;1300
9;9;0;1;N;;A900;;;1301
9;10;0;1;N;;AB00;;;1302
9;10;1;2;Y;;AB00;;2F00;1303
9;10;2;2;Y;;AB00;;6404;1304
9;10;3;2;Y;;AB00;;2309;1305
9;11;0;1;N;;AF00;;;1306
9;12;0;1;N;;AF01;;;1307
